# File generated by CMD 2.8 (http://stev.oapd.inaf.it/cmd) on Mon Oct 17 10:02:15 CEST 2016
# PARSEC isochrones, release v1.2S
# Basic references: Bressan et al. (2012), MNRAS, 427, 127 + Chen et al. (2014, 2015), MNRAS, 444, 2525 + MNRAS, 452, 1068 + Tang et al. (2014), MNRAS, 445, 4287
# Warning: you choose not to include the TP-AGB phase!
# Photometric system: <i>UBVRIJHK</i> (cf. Maiz-Apellaniz 2006 + Bessell 1990)
# Attention: photometry includes extinction of Av=2.0
# Using NBC version of bolometric corrections as in Chen et al. (2014), MNRAS, 444, 2525
# BCs of Carbon stars derive from Aringer et al. (2009, A&A 503, 913)
# O-rich circumstellar dust ignored
# C-rich circumstellar dust ignored
# IMF: Chabrier (2001) lognormal 
# On RGB, assumed Reimers mass loss with efficiency eta=0.2
# Kind of output: isochrone tables
#	Isochrone  Z = 0.00630	Y = 0.25968	[M/H] = -0.382	eta_R = 0.200	Age = 	1.0100e+10 yr
#	Includes interstellar extinction of Av = 2.0000 mag
#      Z	log(age/yr)	M_ini   	M_act	logL/Lo	logTe	logG	mbol    U       B       V       R       I       J       H       K	int_IMF	stage
	0.006300	10.0043	0.09000000	0.0900	-3.3480	3.3959	5.2761	13.140	26.714	22.992	20.513	17.341	14.638	11.558	10.874	10.491	1.46765435	1
	0.006300	10.0043	0.10000000	0.1000	-3.1417	3.4261	5.2360	12.624	24.466	21.336	18.940	16.256	13.818	11.135	10.413	10.002	1.57040203	1
	0.006300	10.0043	0.12000000	0.1200	-2.8779	3.4577	5.1780	11.965	22.262	19.605	17.312	15.072	12.888	10.564	9.810	9.388	1.74782515	1
	0.006300	10.0043	0.14000000	0.1400	-2.6926	3.4773	5.1381	11.501	20.953	18.548	16.307	14.305	12.296	10.154	9.387	8.968	1.89584959	1
	0.006300	10.0043	0.16000000	0.1600	-2.5496	3.4906	5.1063	11.144	20.063	17.815	15.604	13.743	11.865	9.836	9.061	8.647	2.02115250	1
	0.006300	10.0043	0.20000000	0.2000	-2.3279	3.5087	5.0538	10.590	18.903	16.830	14.671	12.958	11.238	9.331	8.548	8.144	2.22178221	1
	0.006300	10.0043	0.25000000	0.2500	-2.1157	3.5234	4.9973	10.059	17.955	15.998	13.879	12.264	10.663	8.842	8.050	7.657	2.40809011	1
	0.006300	10.0043	0.30000001	0.3000	-1.9509	3.5334	4.9517	9.647	17.311	15.409	13.327	11.763	10.228	8.455	7.657	7.273	2.54750419	1
	0.006300	10.0043	0.35847989	0.3585	-1.7814	3.5438	4.9010	9.224	16.674	14.819	12.772	11.255	9.786	8.059	7.252	6.877	2.67142200	1
	0.006300	10.0043	0.40847987	0.4085	-1.6282	3.5554	4.8511	8.840	16.080	14.267	12.250	10.781	9.385	7.708	6.891	6.525	2.75417614	1
	0.006300	10.0043	0.45847985	0.4585	-1.4606	3.5708	4.7951	8.422	15.416	13.650	11.661	10.243	8.949	7.335	6.505	6.151	2.82148767	1
	0.006300	10.0043	0.50847989	0.5084	-1.2796	3.5907	4.7388	7.969	14.680	12.957	11.023	9.676	8.485	6.938	6.091	5.760	2.87725377	1
	0.006300	10.0043	0.55847991	0.5584	-1.0821	3.6173	4.6881	7.475	13.847	12.157	10.329	9.072	7.986	6.509	5.635	5.351	2.92401767	1
	0.006300	10.0043	0.60847986	0.6084	-0.8904	3.6486	4.6590	6.996	12.865	11.276	9.613	8.472	7.502	6.108	5.252	5.014	2.96370292	1
	0.006300	10.0043	0.65421009	0.6541	-0.7160	3.6792	4.6385	6.560	11.765	10.462	8.959	7.946	7.060	5.766	4.991	4.776	2.99508142	1
	0.006300	10.0043	0.65847987	0.6584	-0.7002	3.6820	4.6365	6.520	11.669	10.395	8.903	7.900	7.020	5.736	4.969	4.756	2.99779797	1
	0.006300	10.0043	0.66772866	0.6676	-0.6661	3.6875	4.6305	6.435	11.475	10.255	8.787	7.804	6.934	5.669	4.920	4.708	3.00356722	1
	0.006300	10.0043	0.68762958	0.6875	-0.5931	3.6991	4.6167	6.253	11.068	9.965	8.544	7.602	6.755	5.526	4.813	4.606	3.01547003	1
	0.006300	10.0043	0.70604199	0.7059	-0.5259	3.7096	4.6032	6.085	10.707	9.710	8.329	7.421	6.592	5.398	4.713	4.512	3.02590299	1
	0.006300	10.0043	0.70847988	0.7083	-0.5171	3.7110	4.6013	6.063	10.661	9.677	8.302	7.398	6.571	5.381	4.700	4.499	3.02724481	1
	0.006300	10.0043	0.72144234	0.7212	-0.4694	3.7181	4.5899	5.944	10.421	9.506	8.155	7.272	6.456	5.290	4.628	4.430	3.03423214	1
	0.006300	10.0043	0.73464286	0.7344	-0.4208	3.7252	4.5775	5.822	10.185	9.335	8.011	7.146	6.341	5.196	4.554	4.358	3.04110217	1
	0.006300	10.0043	0.74735767	0.7471	-0.3738	3.7318	4.5646	5.704	9.964	9.174	7.873	7.025	6.231	5.106	4.481	4.288	3.04749680	1
	0.006300	10.0043	0.75847989	0.7582	-0.3325	3.7376	4.5525	5.601	9.776	9.035	7.753	6.921	6.135	5.026	4.415	4.224	3.05291986	1
	0.006300	10.0043	0.75928485	0.7590	-0.3295	3.7379	4.5515	5.594	9.763	9.025	7.745	6.913	6.128	5.021	4.410	4.220	3.05330634	1
	0.006300	10.0043	0.77262181	0.7723	-0.2797	3.7439	4.5331	5.469	9.556	8.866	7.606	6.789	6.012	4.921	4.325	4.137	3.05959654	1
	0.006300	10.0043	0.78508437	0.7848	-0.2327	3.7493	4.5147	5.352	9.366	8.718	7.477	6.672	5.902	4.827	4.244	4.057	3.06528711	1
	0.006300	10.0043	0.79700166	0.7966	-0.1873	3.7543	4.4957	5.238	9.194	8.579	7.354	6.560	5.797	4.735	4.164	3.979	3.07056689	1
	0.006300	10.0043	0.80839986	0.8080	-0.1433	3.7588	4.4760	5.128	9.031	8.446	7.236	6.451	5.694	4.645	4.084	3.901	3.07547021	1
	0.006300	10.0043	0.80847991	0.8081	-0.1430	3.7588	4.4758	5.128	9.030	8.445	7.236	6.450	5.694	4.644	4.084	3.900	3.07550406	1
	0.006300	10.0043	0.80931443	0.8089	-0.1398	3.7591	4.4742	5.119	9.018	8.435	7.227	6.442	5.686	4.638	4.078	3.894	3.07585740	1
	0.006300	10.0043	0.82222188	0.8218	-0.0884	3.7637	4.4479	4.991	8.841	8.284	7.092	6.316	5.567	4.530	3.979	3.797	3.08122921	1
	0.006300	10.0043	0.83436352	0.8339	-0.0385	3.7677	4.4205	4.866	8.674	8.139	6.961	6.193	5.450	4.423	3.881	3.701	3.08612680	1
	0.006300	10.0043	0.84541404	0.8449	0.0085	3.7712	4.3929	4.749	8.521	8.004	6.838	6.078	5.341	4.322	3.787	3.608	3.09045887	1
	0.006300	10.0043	0.85572678	0.8552	0.0538	3.7741	4.3647	4.636	8.378	7.876	6.721	5.968	5.235	4.224	3.695	3.517	3.09439850	1
	0.006300	10.0043	0.85847986	0.8579	0.0661	3.7748	4.3567	4.605	8.340	7.841	6.690	5.938	5.206	4.197	3.669	3.492	3.09543371	1
	0.006300	10.0043	0.86292291	0.8623	0.0861	3.7759	4.3433	4.555	8.279	7.786	6.638	5.889	5.159	4.153	3.627	3.451	3.09709024	1
	0.006300	10.0043	0.87375003	0.8731	0.1351	3.7781	4.3084	4.432	8.134	7.652	6.513	5.769	5.043	4.041	3.520	3.345	3.10105491	1
	0.006300	10.0043	0.88336873	0.8826	0.1800	3.7795	4.2739	4.320	8.007	7.531	6.399	5.659	4.935	3.936	3.418	3.244	3.10449338	1
	0.006300	10.0043	0.89132649	0.8905	0.2198	3.7805	4.2419	4.221	7.897	7.426	6.298	5.561	4.839	3.843	3.326	3.153	3.10728073	1
	0.006300	10.0043	0.89253539	0.8917	0.2260	3.7806	4.2367	4.205	7.881	7.410	6.282	5.546	4.823	3.828	3.311	3.138	3.10769963	1
	0.006300	10.0043	0.90208399	0.9012	0.2773	3.7807	4.1903	4.077	7.750	7.280	6.153	5.418	4.696	3.700	3.184	3.011	3.11096835	1
	0.006300	10.0043	0.90847987	0.9075	0.3137	3.7799	4.1539	3.986	7.665	7.191	6.063	5.326	4.604	3.606	3.088	2.915	3.11311865	1
	0.006300	10.0043	0.91503048	0.9140	0.3531	3.7784	4.1113	3.887	7.579	7.099	5.967	5.227	4.503	3.500	2.978	2.805	3.11528897	1
	0.006300	10.0043	0.91652989	0.9155	0.3624	3.7778	4.1003	3.864	7.561	7.078	5.944	5.203	4.478	3.474	2.951	2.777	3.11578131	2
	0.006300	10.0043	0.92269266	0.9216	0.4025	3.7737	4.0469	3.764	7.494	6.996	5.849	5.101	4.370	3.354	2.823	2.648	3.11778736	2
	0.006300	10.0043	0.92843848	0.9272	0.4389	3.7660	3.9823	3.673	7.469	6.940	5.768	5.006	4.264	3.228	2.680	2.502	3.11963344	2
	0.006300	10.0043	0.93218821	0.9309	0.4572	3.7558	3.9248	3.627	7.521	6.944	5.740	4.958	4.200	3.138	2.568	2.385	3.12082529	2
	0.006300	10.0043	0.93456721	0.9333	0.4633	3.7448	3.8759	3.612	7.622	6.987	5.747	4.942	4.168	3.075	2.479	2.293	3.12157655	2
	0.006300	10.0043	0.93661678	0.9353	0.4705	3.7323	3.8196	3.594	7.755	7.040	5.758	4.928	4.134	3.005	2.378	2.188	3.12222075	2
	0.006300	10.0043	0.93824524	0.9369	0.4922	3.7225	3.7596	3.539	7.828	7.046	5.732	4.880	4.072	2.912	2.258	2.066	3.12273026	2
	0.006300	10.0043	0.93958020	0.9382	0.5272	3.7162	3.7000	3.452	7.825	7.000	5.665	4.799	3.980	2.801	2.129	1.935	3.12314677	2
	0.006300	10.0043	0.94022995	0.9388	0.5495	3.7138	3.6681	3.396	7.802	6.960	5.617	4.746	3.923	2.736	2.057	1.862	3.12334895	3
	0.006300	10.0043	0.94078070	0.9393	0.5717	3.7121	3.6394	3.341	7.768	6.916	5.568	4.692	3.867	2.674	1.991	1.795	3.12352037	3
	0.006300	10.0043	0.94186336	0.9404	0.6205	3.7092	3.5796	3.219	7.681	6.812	5.455	4.574	3.744	2.542	1.850	1.653	3.12385631	3
	0.006300	10.0043	0.94285256	0.9413	0.6714	3.7071	3.5209	3.091	7.579	6.699	5.336	4.450	3.617	2.407	1.710	1.513	3.12416244	3
	0.006300	10.0043	0.94358468	0.9420	0.7131	3.7058	3.4741	2.987	7.493	6.604	5.237	4.348	3.512	2.298	1.596	1.399	3.12438869	3
	0.006300	10.0043	0.94428539	0.9427	0.7558	3.7045	3.4265	2.880	7.403	6.507	5.135	4.244	3.405	2.187	1.481	1.284	3.12460494	3
	0.006300	10.0043	0.94509906	0.9435	0.8096	3.7030	3.3670	2.746	7.288	6.383	5.006	4.112	3.270	2.047	1.336	1.139	3.12485576	3
	0.006300	10.0043	0.94571757	0.9440	0.8544	3.7017	3.3176	2.634	7.191	6.279	4.898	4.002	3.158	1.931	1.216	1.019	3.12504601	3
	0.006300	10.0043	0.94624346	0.9445	0.8957	3.7006	3.2718	2.531	7.102	6.184	4.799	3.900	3.055	1.823	1.106	0.908	3.12520742	3
	0.006300	10.0043	0.94686419	0.9451	0.9482	3.6990	3.2132	2.400	6.993	6.065	4.674	3.772	2.923	1.687	0.964	0.766	3.12539792	3
	0.006300	10.0043	0.94731688	0.9455	0.9897	3.6977	3.1666	2.296	6.908	5.971	4.576	3.671	2.820	1.578	0.851	0.653	3.12553668	3
	0.006300	10.0043	0.94772261	0.9458	1.0302	3.6963	3.1209	2.194	6.827	5.881	4.480	3.572	2.718	1.472	0.741	0.542	3.12566090	3
	0.006300	10.0043	0.94810557	0.9462	1.0710	3.6949	3.0747	2.092	6.747	5.791	4.384	3.472	2.616	1.365	0.629	0.430	3.12577796	3
	0.006300	10.0043	0.94855118	0.9465	1.1233	3.6930	3.0149	1.962	6.647	5.678	4.261	3.345	2.485	1.227	0.485	0.285	3.12591434	3
	0.006300	10.0043	0.94895208	0.9468	1.1757	3.6910	2.9546	1.831	6.550	5.564	4.138	3.217	2.354	1.088	0.341	0.140	3.12603664	3
	0.006300	10.0043	0.94930160	0.9471	1.2257	3.6890	2.8965	1.706	6.459	5.457	4.023	3.096	2.229	0.956	0.202	0.001	3.12614322	3
	0.006300	10.0043	0.94961482	0.9473	1.2748	3.6869	2.8392	1.583	6.370	5.352	3.910	2.978	2.107	0.827	0.066	-0.136	3.12623882	3
	0.006300	10.0043	0.94990516	0.9475	1.3247	3.6846	2.7804	1.458	6.281	5.246	3.795	2.858	1.983	0.694	-0.073	-0.276	3.12632728	3
	0.006300	10.0043	0.95017058	0.9476	1.3747	3.6823	2.7213	1.333	6.194	5.141	3.681	2.738	1.858	0.562	-0.212	-0.416	3.12640810	3
	0.006300	10.0043	0.95039713	0.9477	1.4212	3.6801	2.6660	1.217	6.113	5.043	3.575	2.626	1.743	0.439	-0.342	-0.547	3.12647700	3
	0.006300	10.0043	0.95061290	0.9478	1.4691	3.6778	2.6087	1.097	6.035	4.945	3.468	2.512	1.624	0.312	-0.477	-0.683	3.12654281	3
	0.006300	10.0043	0.95080721	0.9478	1.5154	3.6754	2.5530	0.982	5.960	4.851	3.364	2.402	1.509	0.189	-0.608	-0.814	3.12660170	3
	0.006300	10.0043	0.95098805	0.9479	1.5611	3.6730	2.4977	0.867	5.888	4.759	3.263	2.294	1.396	0.067	-0.737	-0.945	3.12665677	3
	0.006300	10.0043	0.95116007	0.9478	1.6050	3.6707	2.4445	0.757	5.830	4.675	3.164	2.190	1.287	-0.051	-0.862	-1.070	3.12670898	3
	0.006300	10.0043	0.95136833	0.9478	1.6478	3.6684	2.3925	0.650	5.776	4.594	3.070	2.088	1.180	-0.166	-0.984	-1.193	3.12677240	3
	0.006300	10.0043	0.95144349	0.9478	1.6567	3.6680	2.3819	0.628	5.764	4.576	3.050	2.067	1.158	-0.189	-1.008	-1.218	3.12679505	3
	0.006300	10.0043	0.95162380	0.9477	1.6181	3.6708	2.4316	0.725	5.797	4.642	3.131	2.157	1.254	-0.084	-0.894	-1.103	3.12684989	3
	0.006300	10.0043	0.95167649	0.9477	1.5994	3.6720	2.4555	0.772	5.817	4.675	3.171	2.201	1.300	-0.033	-0.839	-1.047	3.12686586	3
	0.006300	10.0043	0.95177656	0.9477	1.6332	3.6701	2.4140	0.687	5.774	4.611	3.096	2.120	1.216	-0.124	-0.936	-1.145	3.12689614	3
	0.006300	10.0043	0.95191258	0.9476	1.6799	3.6675	2.3567	0.570	5.720	4.525	2.995	2.010	1.100	-0.249	-1.070	-1.279	3.12693739	3
	0.006300	10.0043	0.95203990	0.9475	1.7257	3.6648	2.3001	0.456	5.668	4.442	2.896	1.903	0.987	-0.372	-1.201	-1.412	3.12697601	3
	0.006300	10.0043	0.95215744	0.9474	1.7710	3.6621	2.2439	0.342	5.617	4.359	2.798	1.796	0.874	-0.494	-1.331	-1.543	3.12701178	3
	0.006300	10.0043	0.95226455	0.9473	1.8156	3.6594	2.1884	0.231	5.570	4.280	2.703	1.692	0.765	-0.614	-1.459	-1.673	3.12704420	3
	0.006300	10.0043	0.95236444	0.9471	1.8606	3.6566	2.1322	0.119	5.527	4.202	2.609	1.588	0.654	-0.734	-1.589	-1.804	3.12707448	3
	0.006300	10.0043	0.95245445	0.9469	1.9044	3.6538	2.0772	0.009	5.486	4.126	2.517	1.487	0.547	-0.852	-1.716	-1.932	3.12710166	3
	0.006300	10.0043	0.95253760	0.9466	1.9480	3.6510	2.0224	-0.100	5.447	4.052	2.427	1.387	0.440	-0.969	-1.843	-2.060	3.12712693	3
	0.006300	10.0043	0.95261317	0.9464	1.9906	3.6483	1.9685	-0.206	5.419	3.984	2.340	1.290	0.336	-1.083	-1.966	-2.184	3.12714982	3
	0.006300	10.0043	0.95268428	0.9461	2.0340	3.6454	1.9135	-0.315	5.399	3.917	2.254	1.191	0.230	-1.201	-2.092	-2.312	3.12717128	3
	0.006300	10.0043	0.95274991	0.9457	2.0776	3.6425	1.8583	-0.424	5.379	3.850	2.166	1.092	0.124	-1.318	-2.219	-2.440	3.12719107	3
	0.006300	10.0043	0.95280802	0.9454	2.1193	3.6397	1.8049	-0.528	5.364	3.788	2.084	0.998	0.022	-1.431	-2.340	-2.563	3.12720871	3
	0.006300	10.0043	0.95286280	0.9449	2.1618	3.6367	1.7505	-0.635	5.352	3.726	2.002	0.903	-0.080	-1.545	-2.463	-2.688	3.12722540	3
	0.006300	10.0043	0.95291185	0.9445	2.2029	3.6339	1.6978	-0.737	5.342	3.668	1.924	0.812	-0.179	-1.655	-2.582	-2.809	3.12724018	3
	0.006300	10.0043	0.95295858	0.9440	2.2450	3.6309	1.6437	-0.842	5.332	3.608	1.843	0.719	-0.281	-1.768	-2.704	-2.933	3.12725425	3
	0.006300	10.0043	0.95300066	0.9435	2.2857	3.6280	1.5910	-0.944	5.326	3.553	1.767	0.631	-0.378	-1.877	-2.823	-3.053	3.12726712	3
	0.006300	10.0043	0.95303953	0.9429	2.3262	3.6250	1.5384	-1.046	5.323	3.500	1.694	0.544	-0.475	-1.985	-2.940	-3.173	3.12727880	3
	0.006300	10.0043	0.95307642	0.9422	2.3677	3.6221	1.4848	-1.149	5.320	3.445	1.617	0.453	-0.573	-2.096	-3.060	-3.295	3.12729001	3
	0.006300	10.0043	0.95310920	0.9415	2.4073	3.6191	1.4331	-1.248	5.327	3.395	1.546	0.368	-0.667	-2.202	-3.176	-3.412	3.12730002	3
	0.006300	10.0043	0.95314050	0.9407	2.4481	3.6161	1.3797	-1.350	5.335	3.345	1.475	0.283	-0.763	-2.311	-3.294	-3.533	3.12730932	3
	0.006300	10.0043	0.95316851	0.9399	2.4875	3.6131	1.3281	-1.449	5.344	3.297	1.406	0.200	-0.856	-2.416	-3.409	-3.650	3.12731791	3
	0.006300	10.0043	0.95319450	0.9391	2.5265	3.6101	1.2767	-1.546	5.356	3.251	1.339	0.119	-0.947	-2.520	-3.522	-3.766	3.12732577	3
	0.006300	10.0043	0.95321971	0.9381	2.5672	3.6070	1.2232	-1.648	5.370	3.206	1.274	0.039	-1.041	-2.628	-3.641	-3.887	3.12733340	3
	0.006300	10.0043	0.95324713	0.9368	2.6147	3.6033	1.1601	-1.767	5.390	3.156	1.199	-0.054	-1.151	-2.755	-3.780	-4.029	3.12734175	3
	0.006300	10.0043	0.95326740	0.9357	2.6527	3.6003	1.1095	-1.862	5.408	3.116	1.139	-0.128	-1.239	-2.856	-3.892	-4.144	3.12734771	3
	0.006300	10.0043	0.95328730	0.9344	2.6924	3.5972	1.0568	-1.961	5.426	3.078	1.080	-0.202	-1.329	-2.962	-4.008	-4.263	3.12735367	3
	0.006300	10.0043	0.95330876	0.9327	2.7384	3.5933	0.9947	-2.076	5.457	3.040	1.016	-0.284	-1.433	-3.085	-4.144	-4.403	3.12736034	3
	0.006300	10.0043	0.95332885	0.9309	2.7847	3.5894	0.9320	-2.192	5.504	3.008	0.951	-0.369	-1.538	-3.209	-4.277	-4.542	3.12736630	3
	0.006300	10.0043	0.95334429	0.9292	2.8227	3.5863	0.8808	-2.287	5.538	2.981	0.900	-0.433	-1.625	-3.310	-4.384	-4.656	3.12737107	3
	0.006300	10.0043	0.95336139	0.9270	2.8676	3.5824	0.8192	-2.399	5.586	2.954	0.841	-0.510	-1.726	-3.431	-4.513	-4.791	3.12737608	3
	0.006300	10.0043	0.95337695	0.9247	2.9116	3.5785	0.7585	-2.509	5.633	2.930	0.787	-0.582	-1.825	-3.548	-4.638	-4.924	3.12738085	3
	0.006300	10.0043	0.95339155	0.9221	2.9557	3.5746	0.6973	-2.619	5.680	2.910	0.739	-0.647	-1.923	-3.666	-4.763	-5.057	3.12738538	3
	0.006300	10.0043	0.95340490	0.9192	2.9987	3.5706	0.6370	-2.727	5.734	2.895	0.693	-0.717	-2.018	-3.780	-4.885	-5.187	3.12738943	3
	0.006300	10.0043	0.95341724	0.9161	3.0410	3.5666	0.5773	-2.832	5.786	2.886	0.659	-0.772	-2.111	-3.893	-5.005	-5.315	3.12739301	3
	0.006300	10.0043	0.95342869	0.9126	3.0826	3.5625	0.5178	-2.937	5.843	2.879	0.628	-0.824	-2.202	-4.004	-5.123	-5.441	3.12739658	3
	0.006300	10.0043	0.95343935	0.9088	3.1237	3.5585	0.4586	-3.039	5.875	2.873	0.608	-0.864	-2.291	-4.115	-5.240	-5.566	3.12739968	3
	0.006300	10.0043	0.95344895	0.9048	3.1631	3.5544	0.4012	-3.138	5.898	2.878	0.610	-0.885	-2.374	-4.222	-5.354	-5.688	3.12740254	3
	0.006300	10.0043	0.95345789	0.9005	3.2015	3.5503	0.3443	-3.234	5.930	2.889	0.617	-0.902	-2.454	-4.327	-5.466	-5.808	3.12740541	3
	0.006300	10.0043	0.95346630	0.8957	3.2398	3.5461	0.2869	-3.329	5.951	2.923	0.658	-0.892	-2.527	-4.433	-5.579	-5.929	3.12740779	3
	0.006300	10.0043	0.95347428	0.8904	3.2777	3.5420	0.2297	-3.424	5.977	2.960	0.704	-0.877	-2.599	-4.538	-5.692	-6.049	3.12741041	3
	0.006300	10.0043	0.95348173	0.8845	3.3148	3.5379	0.1734	-3.517	5.994	3.010	0.768	-0.853	-2.663	-4.641	-5.802	-6.167	3.12741256	3
	0.006300	10.0043	0.95348877	0.8782	3.3505	3.5339	0.1186	-3.606	6.004	3.074	0.851	-0.818	-2.717	-4.739	-5.907	-6.280	3.12741470	3
	0.006300	10.0043	0.95349562	0.8711	3.3840	3.5301	0.0664	-3.690	6.016	3.135	0.928	-0.784	-2.768	-4.832	-6.006	-6.386	3.12741685	4
	0.006300	10.0043	0.95349562	0.8708	1.7113	3.6916	2.3852	0.492	5.196	4.222	2.791	1.877	1.014	-0.251	-0.995	-1.193	3.12741685	4
	0.006300	10.0043	0.95357364	0.8708	1.7218	3.6909	2.3717	0.466	5.184	4.203	2.768	1.852	0.988	-0.280	-1.026	-1.224	3.12744045	4
	0.006300	10.0043	0.95365667	0.8707	1.7256	3.6907	2.3670	0.456	5.179	4.195	2.759	1.843	0.978	-0.290	-1.037	-1.235	3.12746549	4
	0.006300	10.0043	0.95373201	0.8707	1.7264	3.6908	2.3669	0.454	5.174	4.192	2.756	1.841	0.976	-0.291	-1.037	-1.236	3.12748814	4
	0.006300	10.0043	0.95380849	0.8706	1.7255	3.6913	2.3694	0.456	5.169	4.191	2.757	1.842	0.979	-0.288	-1.033	-1.231	3.12751126	4
	0.006300	10.0043	0.95388442	0.8706	1.7237	3.6918	2.3731	0.461	5.165	4.191	2.759	1.846	0.983	-0.281	-1.025	-1.223	3.12753415	4
	0.006300	10.0043	0.95396209	0.8705	1.7216	3.6923	2.3775	0.466	5.161	4.191	2.762	1.850	0.989	-0.274	-1.016	-1.214	3.12755775	4
	0.006300	10.0043	0.95404118	0.8705	1.7193	3.6929	2.3820	0.472	5.157	4.192	2.765	1.855	0.994	-0.266	-1.006	-1.204	3.12758160	4
	0.006300	10.0043	0.95411772	0.8705	1.7172	3.6934	2.3862	0.477	5.153	4.193	2.768	1.860	1.000	-0.259	-0.998	-1.195	3.12760472	4
	0.006300	10.0043	0.95419937	0.8704	1.7153	3.6939	2.3901	0.482	5.149	4.193	2.771	1.864	1.005	-0.253	-0.990	-1.187	3.12762928	4
	0.006300	10.0043	0.95428097	0.8704	1.7137	3.6944	2.3937	0.486	5.145	4.193	2.773	1.867	1.009	-0.247	-0.982	-1.180	3.12765384	4
	0.006300	10.0043	0.95436400	0.8703	1.7123	3.6949	2.3969	0.489	5.140	4.192	2.774	1.870	1.013	-0.242	-0.976	-1.173	3.12767911	4
	0.006300	10.0043	0.95444506	0.8703	1.7112	3.6953	2.3996	0.492	5.136	4.192	2.776	1.872	1.016	-0.237	-0.971	-1.167	3.12770343	4
	0.006300	10.0043	0.95452338	0.8702	1.7102	3.6956	2.4019	0.494	5.133	4.191	2.777	1.874	1.018	-0.234	-0.966	-1.163	3.12772703	4
	0.006300	10.0043	0.95457798	0.8702	1.7097	3.6958	2.4033	0.496	5.130	4.191	2.777	1.875	1.019	-0.232	-0.963	-1.160	3.12774348	4
	0.006300	10.0043	0.95460349	0.8702	1.7095	3.6959	2.4039	0.496	5.129	4.190	2.777	1.875	1.020	-0.231	-0.962	-1.159	3.12775135	4
	0.006300	10.0043	0.95468563	0.8702	1.7090	3.6962	2.4054	0.497	5.126	4.189	2.777	1.876	1.021	-0.229	-0.959	-1.156	3.12777591	4
	0.006300	10.0043	0.95476478	0.8701	1.7088	3.6964	2.4065	0.498	5.123	4.188	2.777	1.876	1.022	-0.227	-0.957	-1.154	3.12779975	4
	0.006300	10.0043	0.95484346	0.8701	1.7089	3.6966	2.4070	0.498	5.120	4.186	2.776	1.876	1.021	-0.227	-0.956	-1.153	3.12782359	4
	0.006300	10.0043	0.95492649	0.8700	1.7094	3.6967	2.4069	0.497	5.118	4.185	2.774	1.874	1.020	-0.228	-0.957	-1.153	3.12784863	4
	0.006300	10.0043	0.95500535	0.8700	1.7101	3.6967	2.4063	0.495	5.115	4.182	2.772	1.872	1.019	-0.230	-0.958	-1.155	3.12787247	4
	0.006300	10.0043	0.95508146	0.8700	1.7112	3.6967	2.4050	0.492	5.113	4.180	2.770	1.870	1.016	-0.233	-0.961	-1.158	3.12789536	4
	0.006300	10.0043	0.95514458	0.8699	1.7124	3.6966	2.4035	0.489	5.112	4.178	2.767	1.867	1.013	-0.236	-0.965	-1.161	3.12791419	4
	0.006300	10.0043	0.95515907	0.8699	1.7128	3.6966	2.4030	0.488	5.111	4.177	2.766	1.866	1.012	-0.237	-0.966	-1.162	3.12791872	4
	0.006300	10.0043	0.95523578	0.8699	1.7148	3.6964	2.4002	0.483	5.110	4.174	2.762	1.861	1.007	-0.243	-0.972	-1.169	3.12794185	4
	0.006300	10.0043	0.95531434	0.8699	1.7175	3.6961	2.3963	0.476	5.108	4.169	2.756	1.855	1.000	-0.250	-0.981	-1.178	3.12796545	4
	0.006300	10.0043	0.95538926	0.8698	1.7208	3.6957	2.3916	0.468	5.106	4.165	2.750	1.847	0.991	-0.260	-0.992	-1.188	3.12798786	4
	0.006300	10.0043	0.95546633	0.8698	1.7247	3.6953	2.3858	0.458	5.105	4.159	2.742	1.838	0.981	-0.272	-1.004	-1.201	3.12801123	4
	0.006300	10.0043	0.95554382	0.8697	1.7291	3.6948	2.3793	0.447	5.103	4.152	2.733	1.828	0.970	-0.284	-1.019	-1.216	3.12803459	4
	0.006300	10.0043	0.95561916	0.8697	1.7341	3.6942	2.3720	0.435	5.101	4.145	2.723	1.816	0.957	-0.299	-1.035	-1.232	3.12805724	4
	0.006300	10.0043	0.95569462	0.8696	1.7399	3.6935	2.3636	0.420	5.098	4.136	2.711	1.802	0.943	-0.316	-1.054	-1.251	3.12807989	4
	0.006300	10.0043	0.95576918	0.8696	1.7468	3.6928	2.3536	0.403	5.094	4.126	2.697	1.786	0.925	-0.336	-1.076	-1.274	3.12810230	4
	0.006300	10.0043	0.95584363	0.8695	1.7552	3.6919	2.3415	0.382	5.090	4.113	2.679	1.766	0.904	-0.360	-1.103	-1.301	3.12812471	4
	0.006300	10.0043	0.95591837	0.8695	1.7531	3.6922	2.3448	0.387	5.090	4.115	2.683	1.771	0.909	-0.354	-1.096	-1.294	3.12814713	4
	0.006300	10.0043	0.95599622	0.8694	1.7733	3.6899	2.3153	0.337	5.081	4.085	2.642	1.724	0.858	-0.413	-1.161	-1.360	3.12817049	4
	0.006300	10.0043	0.95607299	0.8693	1.8063	3.6863	2.2680	0.254	5.067	4.037	2.576	1.648	0.775	-0.508	-1.267	-1.467	3.12819362	4
	0.006300	10.0043	0.95611602	0.8693	1.8440	3.6824	2.2146	0.160	5.050	3.980	2.500	1.562	0.681	-0.615	-1.386	-1.588	3.12820649	4
	0.006300	10.0043	0.95613772	0.8692	1.8827	3.6783	2.1598	0.063	5.034	3.923	2.423	1.474	0.585	-0.726	-1.509	-1.712	3.12821317	4
	0.006300	10.0043	0.95614845	0.8692	1.9234	3.6742	2.1025	-0.039	5.019	3.864	2.343	1.382	0.484	-0.841	-1.637	-1.842	3.12821627	4
	0.006300	10.0043	0.95615345	0.8692	1.9618	3.6704	2.0489	-0.134	5.003	3.808	2.267	1.294	0.389	-0.949	-1.757	-1.964	3.12821794	4
	0.006300	10.0043	0.95615613	0.8692	1.9996	3.6667	1.9965	-0.229	4.990	3.754	2.194	1.209	0.297	-1.055	-1.875	-2.082	3.12821865	4
	0.006300	10.0043	0.95615792	0.8692	2.0377	3.6631	1.9437	-0.324	4.988	3.704	2.121	1.124	0.203	-1.162	-1.992	-2.202	3.12821913	4
	0.006300	10.0043	0.95615846	0.8692	2.0535	3.6615	1.9218	-0.364	4.987	3.682	2.091	1.088	0.164	-1.207	-2.041	-2.252	3.12821937	7
	0.006300	10.0043	0.95615852	0.8692	2.0541	3.6615	1.9210	-0.365	4.987	3.682	2.090	1.087	0.162	-1.209	-2.043	-2.254	3.12821937	7
	0.006300	10.0043	0.95615917	0.8692	2.0751	3.6595	1.8921	-0.418	4.986	3.653	2.049	1.039	0.110	-1.268	-2.108	-2.320	3.12821960	7
	0.006300	10.0043	0.95616055	0.8691	2.1194	3.6554	1.8315	-0.529	4.989	3.596	1.966	0.941	0.003	-1.390	-2.244	-2.458	3.12822008	7
	0.006300	10.0043	0.95616192	0.8691	2.1595	3.6518	1.7770	-0.629	4.989	3.543	1.891	0.852	-0.095	-1.501	-2.367	-2.583	3.12822032	7
	0.006300	10.0043	0.95616490	0.8691	2.1695	3.6511	1.7638	-0.654	4.987	3.528	1.871	0.830	-0.119	-1.529	-2.397	-2.613	3.12822127	7
	0.006300	10.0043	0.95616877	0.8691	2.1322	3.6544	1.8146	-0.560	4.985	3.577	1.941	0.912	-0.028	-1.425	-2.282	-2.497	3.12822247	7
	0.006300	10.0043	0.95620239	0.8688	2.1143	3.6560	1.8387	-0.516	4.986	3.601	1.975	0.952	0.015	-1.376	-2.228	-2.442	3.12823248	7
	0.006300	10.0043	0.95623839	0.8686	2.1541	3.6523	1.7839	-0.615	4.990	3.550	1.901	0.864	-0.082	-1.487	-2.351	-2.566	3.12824345	7
	0.006300	10.0043	0.95626432	0.8684	2.1983	3.6481	1.7229	-0.726	4.999	3.496	1.821	0.767	-0.188	-1.609	-2.487	-2.705	3.12825108	7
	0.006300	10.0043	0.95628285	0.8682	2.2328	3.6450	1.6757	-0.812	5.006	3.454	1.758	0.692	-0.271	-1.705	-2.592	-2.811	3.12825680	7
	0.006300	10.0043	0.95630491	0.8679	2.2718	3.6414	1.6224	-0.910	5.013	3.407	1.688	0.607	-0.365	-1.812	-2.710	-2.932	3.12826324	7
	0.006300	10.0043	0.95632529	0.8676	2.3121	3.6378	1.5675	-1.010	5.023	3.359	1.616	0.521	-0.461	-1.922	-2.832	-3.056	3.12826943	7
	0.006300	10.0043	0.95634371	0.8673	2.3524	3.6342	1.5124	-1.111	5.036	3.313	1.546	0.435	-0.557	-2.032	-2.954	-3.181	3.12827492	7
	0.006300	10.0043	0.95636040	0.8670	2.3932	3.6306	1.4570	-1.213	5.055	3.266	1.475	0.348	-0.654	-2.143	-3.077	-3.305	3.12827992	7
	0.006300	10.0043	0.95637536	0.8666	2.4342	3.6269	1.4013	-1.315	5.079	3.222	1.406	0.262	-0.750	-2.254	-3.199	-3.430	3.12828445	7
	0.006300	10.0043	0.95638877	0.8662	2.4751	3.6233	1.3457	-1.418	5.103	3.178	1.337	0.176	-0.846	-2.365	-3.322	-3.555	3.12828851	7
	0.006300	10.0043	0.95640093	0.8658	2.5159	3.6196	1.2899	-1.520	5.129	3.135	1.270	0.091	-0.941	-2.476	-3.444	-3.680	3.12829208	7
	0.006300	10.0043	0.95641202	0.8654	2.5566	3.6159	1.2343	-1.622	5.157	3.096	1.205	0.010	-1.035	-2.586	-3.566	-3.804	3.12829542	7
	0.006300	10.0043	0.95642245	0.8649	2.5974	3.6123	1.1787	-1.723	5.184	3.056	1.141	-0.072	-1.129	-2.695	-3.688	-3.929	3.12829876	7
	0.006300	10.0043	0.95643222	0.8644	2.6378	3.6086	1.1234	-1.825	5.214	3.019	1.079	-0.151	-1.222	-2.804	-3.809	-4.053	3.12830162	7
	0.006300	10.0043	0.95644170	0.8638	2.6782	3.6050	1.0681	-1.926	5.245	2.984	1.021	-0.226	-1.314	-2.913	-3.930	-4.177	3.12830448	7
	0.006300	10.0043	0.95645094	0.8631	2.7195	3.6013	1.0117	-2.029	5.277	2.949	0.961	-0.304	-1.408	-3.024	-4.053	-4.304	3.12830710	7
	0.006300	10.0043	0.95645940	0.8624	2.7601	3.5976	0.9560	-2.130	5.324	2.922	0.906	-0.378	-1.500	-3.133	-4.173	-4.429	3.12830973	7
	0.006300	10.0043	0.95646757	0.8615	2.8016	3.5937	0.8987	-2.234	5.377	2.900	0.851	-0.451	-1.593	-3.245	-4.294	-4.556	3.12831211	7
	0.006300	10.0043	0.95647436	0.8607	2.8443	3.5897	0.8394	-2.341	5.435	2.878	0.796	-0.528	-1.688	-3.360	-4.418	-4.688	3.12831426	7
	0.006300	10.0043	0.95647901	0.8600	2.8856	3.5857	0.7818	-2.444	5.490	2.860	0.747	-0.594	-1.781	-3.471	-4.538	-4.815	3.12831569	7
	0.006300	10.0043	0.95648253	0.8595	2.9251	3.5818	0.7265	-2.543	5.545	2.844	0.700	-0.659	-1.868	-3.576	-4.653	-4.936	3.12831664	7
	0.006300	10.0043	0.95648581	0.8588	2.9659	3.5778	0.6692	-2.645	5.601	2.830	0.656	-0.721	-1.958	-3.686	-4.770	-5.061	3.12831759	7
	0.006300	10.0043	0.95648885	0.8581	3.0067	3.5736	0.6112	-2.747	5.662	2.822	0.619	-0.779	-2.047	-3.795	-4.888	-5.187	3.12831855	7
	0.006300	10.0043	0.95649135	0.8574	3.0437	3.5697	0.5584	-2.839	5.722	2.818	0.585	-0.835	-2.128	-3.894	-4.995	-5.302	3.12831926	7
	0.006300	10.0043	0.95649415	0.8566	3.0849	3.5653	0.4991	-2.942	5.788	2.820	0.563	-0.879	-2.216	-4.004	-5.114	-5.429	3.12832022	7
	0.006300	10.0043	0.95649695	0.8555	3.1238	3.5610	0.4426	-3.039	5.819	2.817	0.545	-0.917	-2.301	-4.110	-5.226	-5.550	3.12832093	7
	0.006300	10.0043	0.95649922	0.8546	3.1433	3.5589	0.4141	-3.088	5.834	2.819	0.543	-0.931	-2.343	-4.163	-5.283	-5.610	3.12832165	7
	0.006300	10.0043	0.95649934	0.8545	3.1240	3.5611	0.4421	-3.040	5.818	2.816	0.544	-0.918	-2.302	-4.110	-5.227	-5.550	3.12832165	7
	0.006300	10.0043	0.95649934	0.8545	3.1066	3.5630	0.4671	-2.996	5.804	2.818	0.552	-0.901	-2.264	-4.063	-5.176	-5.496	3.12832165	7
	0.006300	10.0043	0.95649946	0.8545	3.1076	3.5629	0.4655	-2.999	5.805	2.818	0.552	-0.902	-2.266	-4.066	-5.179	-5.499	3.12832189	7
	0.006300	10.0043	0.95649958	0.8544	3.1255	3.5609	0.4397	-3.044	5.819	2.816	0.543	-0.920	-2.305	-4.114	-5.231	-5.555	3.12832189	7
	0.006300	10.0043	0.95649970	0.8544	3.1430	3.5589	0.4145	-3.087	5.834	2.819	0.543	-0.931	-2.342	-4.162	-5.282	-5.609	3.12832189	7
	0.006300	10.0043	0.95649981	0.8543	3.1607	3.5569	0.3886	-3.132	5.849	2.826	0.549	-0.936	-2.378	-4.211	-5.334	-5.665	3.12832189	7
	0.006300	10.0043	0.95649999	0.8543	3.1785	3.5548	0.3625	-3.176	5.867	2.835	0.557	-0.940	-2.415	-4.260	-5.387	-5.722	3.12832189	7
	0.006300	10.0043	0.95650017	0.8542	3.1964	3.5527	0.3358	-3.221	5.888	2.846	0.567	-0.942	-2.451	-4.309	-5.441	-5.779	3.12832212	7
	0.006300	10.0043	0.95650047	0.8540	3.2154	3.5504	0.3076	-3.268	5.912	2.858	0.577	-0.943	-2.489	-4.361	-5.498	-5.841	3.12832212	7
	0.006300	10.0043	0.95650083	0.8538	3.2535	3.5457	0.2507	-3.364	5.946	2.907	0.636	-0.919	-2.560	-4.468	-5.613	-5.965	3.12832212	7
	0.006300	10.0043	0.95650125	0.8534	3.2962	3.5403	0.1862	-3.471	5.992	2.969	0.711	-0.882	-2.637	-4.588	-5.744	-6.106	3.12832236	7
	0.006300	10.0043	0.95650196	0.8528	3.3433	3.5343	0.1149	-3.588	6.017	3.077	0.849	-0.814	-2.703	-4.720	-5.886	-6.259	3.12832260	7
	0.006300	10.0043	0.95650238	0.8524	3.3578	3.5324	0.0923	-3.625	6.027	3.114	0.896	-0.790	-2.722	-4.761	-5.931	-6.307	3.12832260	7
	0.006300	10.0043	0.95650238	0.8524	3.3578	3.5324	0.0922	-3.625	6.028	3.115	0.897	-0.790	-2.722	-4.761	-5.931	-6.307	3.12832260	8
