# File generated by CMD 2.8 (http://stev.oapd.inaf.it/cmd) on Mon Oct 17 10:07:33 CEST 2016
# PARSEC isochrones, release v1.2S
# Basic references: Bressan et al. (2012), MNRAS, 427, 127 + Chen et al. (2014, 2015), MNRAS, 444, 2525 + MNRAS, 452, 1068 + Tang et al. (2014), MNRAS, 445, 4287
# Warning: you choose not to include the TP-AGB phase!
# Photometric system: <i>UBVRIJHK</i> (cf. Maiz-Apellaniz 2006 + Bessell 1990)
# Attention: photometry includes extinction of Av=1.0
# Using NBC version of bolometric corrections as in Chen et al. (2014), MNRAS, 444, 2525
# BCs of Carbon stars derive from Aringer et al. (2009, A&A 503, 913)
# O-rich circumstellar dust ignored
# C-rich circumstellar dust ignored
# IMF: Chabrier (2001) lognormal 
# On RGB, assumed Reimers mass loss with efficiency eta=0.2
# Kind of output: isochrone tables
#	Isochrone  Z = 0.00800	Y = 0.26300	[M/H] = -0.276	eta_R = 0.200	Age = 	1.1000e+10 yr
#	Includes interstellar extinction of Av = 1.0000 mag
#      Z	log(age/yr)	M_ini   	M_act	logL/Lo	logTe	logG	mbol    U       B       V       R       I       J       H       K	int_IMF	stage
	0.008000	10.0414	0.09000000	0.0900	-3.3679	3.3871	5.2607	13.190	25.810	22.214	19.956	16.986	14.329	11.307	10.696	10.371	1.46765435	1
	0.008000	10.0414	0.10000000	0.1000	-3.1675	3.4163	5.2228	12.689	23.593	20.573	18.416	15.886	13.496	10.891	10.253	9.905	1.57040203	1
	0.008000	10.0414	0.12000000	0.1200	-2.9036	3.4488	5.1678	12.029	21.217	18.733	16.699	14.617	12.497	10.321	9.657	9.295	1.74782515	1
	0.008000	10.0414	0.14000000	0.1400	-2.7191	3.4684	5.1288	11.568	19.856	17.639	15.663	13.818	11.877	9.913	9.237	8.878	1.89584959	1
	0.008000	10.0414	0.16000000	0.1600	-2.5758	3.4819	5.0977	11.209	18.935	16.880	14.941	13.240	11.427	9.591	8.909	8.555	2.02115250	1
	0.008000	10.0414	0.16267793	0.1627	-2.5593	3.4833	5.0938	11.168	18.839	16.800	14.865	13.177	11.378	9.554	8.872	8.518	2.03650570	1
	0.008000	10.0414	0.20000000	0.2000	-2.3545	3.5000	5.0456	10.656	17.717	15.850	13.960	12.418	10.776	9.088	8.399	8.056	2.22178221	1
	0.008000	10.0414	0.25000000	0.2500	-2.1424	3.5147	4.9893	10.126	16.739	14.994	13.147	11.706	10.189	8.597	7.902	7.569	2.40809011	1
	0.008000	10.0414	0.30000001	0.3000	-1.9763	3.5250	4.9435	9.711	16.062	14.381	12.565	11.182	9.741	8.207	7.506	7.183	2.54750419	1
	0.008000	10.0414	0.31902954	0.3190	-1.9188	3.5285	4.9266	9.567	15.838	14.174	12.370	11.005	9.588	8.072	7.369	7.049	2.59175014	1
	0.008000	10.0414	0.34999999	0.3500	-1.8319	3.5337	4.9008	9.350	15.509	13.868	12.082	10.740	9.358	7.868	7.161	6.846	2.65552020	1
	0.008000	10.0414	0.40000001	0.4000	-1.6817	3.5449	4.8536	8.974	14.918	13.317	11.563	10.268	8.959	7.522	6.807	6.501	2.74133730	1
	0.008000	10.0414	0.44999999	0.4500	-1.5193	3.5590	4.7986	8.568	14.279	12.713	10.990	9.746	8.529	7.155	6.428	6.133	2.81098008	1
	0.008000	10.0414	0.50000000	0.5000	-1.3448	3.5775	4.7436	8.132	13.581	12.046	10.356	9.166	8.070	6.772	6.029	5.753	2.86847806	1
	0.008000	10.0414	0.50008994	0.5001	-1.3444	3.5775	4.7435	8.131	13.579	12.044	10.355	9.165	8.069	6.771	6.028	5.752	2.86857247	1
	0.008000	10.0414	0.55000001	0.5499	-1.1489	3.6019	4.6867	7.642	12.784	11.272	9.651	8.537	7.566	6.346	5.579	5.339	2.91663504	1
	0.008000	10.0414	0.58952427	0.5894	-0.9977	3.6255	4.6603	7.264	12.111	10.617	9.093	8.049	7.179	6.023	5.245	5.047	2.94938254	1
	0.008000	10.0414	0.60000002	0.5999	-0.9591	3.6316	4.6536	7.168	11.930	10.445	8.950	7.925	7.081	5.941	5.165	4.976	2.95739889	1
	0.008000	10.0414	0.64999998	0.6499	-0.7671	3.6657	4.6328	6.688	10.757	9.508	8.196	7.307	6.590	5.557	4.846	4.693	2.99236870	1
	0.008000	10.0414	0.65448582	0.6544	-0.7503	3.6685	4.6301	6.646	10.652	9.431	8.134	7.256	6.547	5.523	4.821	4.669	2.99525785	1
	0.008000	10.0414	0.68717957	0.6870	-0.6292	3.6884	4.6097	6.343	9.923	8.909	7.701	6.904	6.239	5.284	4.645	4.503	3.01520824	1
	0.008000	10.0414	0.69999999	0.6998	-0.5823	3.6960	4.6011	6.226	9.655	8.719	7.542	6.773	6.123	5.193	4.576	4.438	3.02253795	1
	0.008000	10.0414	0.70894468	0.7088	-0.5492	3.7011	4.5941	6.143	9.471	8.588	7.433	6.682	6.042	5.128	4.527	4.391	3.02749968	1
	0.008000	10.0414	0.72209823	0.7219	-0.5006	3.7086	4.5833	6.021	9.210	8.403	7.277	6.549	5.923	5.034	4.454	4.321	3.03457928	1
	0.008000	10.0414	0.73473674	0.7345	-0.4537	3.7156	4.5720	5.904	8.968	8.229	7.131	6.425	5.810	4.943	4.383	4.252	3.04115009	1
	0.008000	10.0414	0.74599576	0.7458	-0.4118	3.7217	4.5613	5.800	8.758	8.078	7.003	6.314	5.710	4.862	4.319	4.190	3.04682183	1
	0.008000	10.0414	0.75000000	0.7497	-0.3969	3.7239	4.5572	5.762	8.685	8.025	6.958	6.275	5.674	4.834	4.295	4.168	3.04879928	1
	0.008000	10.0414	0.75322741	0.7530	-0.3849	3.7254	4.5533	5.732	8.629	7.985	6.923	6.244	5.645	4.810	4.276	4.149	3.05037808	1
	0.008000	10.0414	0.76642179	0.7661	-0.3355	3.7317	4.5366	5.609	8.404	7.817	6.778	6.117	5.528	4.712	4.194	4.070	3.05669880	1
	0.008000	10.0414	0.77919281	0.7789	-0.2873	3.7376	4.5191	5.488	8.192	7.657	6.639	5.994	5.415	4.616	4.112	3.991	3.06261897	1
	0.008000	10.0414	0.79088014	0.7905	-0.2427	3.7428	4.5018	5.377	8.004	7.512	6.514	5.882	5.311	4.526	4.035	3.916	3.06787419	1
	0.008000	10.0414	0.80000001	0.7996	-0.2076	3.7467	4.4874	5.289	7.861	7.400	6.416	5.794	5.229	4.455	3.973	3.856	3.07187057	1
	0.008000	10.0414	0.80843341	0.8080	-0.1746	3.7500	4.4722	5.207	7.733	7.297	6.326	5.711	5.151	4.387	3.913	3.797	3.07548428	1
	0.008000	10.0414	0.82051784	0.8201	-0.1263	3.7546	4.4486	5.086	7.556	7.151	6.196	5.591	5.038	4.286	3.823	3.708	3.08052993	1
	0.008000	10.0414	0.83224219	0.8318	-0.0779	3.7588	4.4231	4.965	7.384	7.007	6.067	5.471	4.923	4.183	3.730	3.617	3.08528161	1
	0.008000	10.0414	0.84294504	0.8424	-0.0323	3.7624	4.3975	4.851	7.228	6.872	5.947	5.358	4.816	4.085	3.640	3.528	3.08950114	1
	0.008000	10.0414	0.85000002	0.8494	-0.0015	3.7647	4.3793	4.774	7.126	6.783	5.866	5.282	4.744	4.019	3.578	3.467	3.09222293	1
	0.008000	10.0414	0.85881943	0.8582	0.0381	3.7671	4.3539	4.675	7.000	6.670	5.762	5.184	4.650	3.931	3.495	3.386	3.09556103	1
	0.008000	10.0414	0.86977661	0.8691	0.0875	3.7696	4.3198	4.551	6.848	6.532	5.634	5.062	4.532	3.819	3.388	3.280	3.09961176	1
	0.008000	10.0414	0.87993258	0.8792	0.1347	3.7713	4.2846	4.433	6.711	6.404	5.514	4.945	4.418	3.710	3.283	3.175	3.10327387	1
	0.008000	10.0414	0.88801682	0.8872	0.1747	3.7724	4.2531	4.333	6.598	6.297	5.412	4.847	4.322	3.616	3.192	3.084	3.10612750	1
	0.008000	10.0414	0.89601755	0.8952	0.2169	3.7728	4.2161	4.228	6.488	6.188	5.306	4.742	4.218	3.512	3.089	2.982	3.10889983	1
	0.008000	10.0414	0.89999998	0.8991	0.2384	3.7727	4.1963	4.174	6.433	6.134	5.252	4.688	4.164	3.459	3.035	2.928	3.11026096	1
	0.008000	10.0414	0.90200526	0.9011	0.2494	3.7727	4.1861	4.147	6.406	6.106	5.224	4.661	4.137	3.431	3.007	2.900	3.11094189	1
	0.008000	10.0414	0.91070384	0.9097	0.3004	3.7708	4.1316	4.019	6.293	5.987	5.099	4.533	4.006	3.295	2.867	2.759	3.11385918	1
	0.008000	10.0414	0.91222268	0.9112	0.3097	3.7702	4.1209	3.996	6.275	5.966	5.077	4.510	3.982	3.269	2.840	2.732	3.11436272	2
	0.008000	10.0414	0.91845024	0.9174	0.3486	3.7663	4.0691	3.898	6.213	5.888	4.986	4.412	3.878	3.155	2.717	2.608	3.11640930	2
	0.008000	10.0414	0.92425716	0.9231	0.3838	3.7588	4.0067	3.810	6.195	5.838	4.912	4.323	3.778	3.035	2.580	2.468	3.11829233	2
	0.008000	10.0414	0.92804247	0.9268	0.4015	3.7488	3.9506	3.766	6.261	5.849	4.888	4.279	3.719	2.947	2.469	2.353	3.11950684	2
	0.008000	10.0414	0.93044013	0.9292	0.4084	3.7383	3.9027	3.749	6.370	5.894	4.895	4.265	3.688	2.886	2.382	2.264	3.12027097	2
	0.008000	10.0414	0.93249923	0.9312	0.4180	3.7264	3.8465	3.725	6.508	5.948	4.905	4.249	3.653	2.815	2.279	2.157	3.12092376	2
	0.008000	10.0414	0.93412000	0.9328	0.4396	3.7171	3.7887	3.671	6.586	5.957	4.883	4.204	3.593	2.725	2.164	2.039	3.12143564	2
	0.008000	10.0414	0.93563843	0.9343	0.4797	3.7103	3.7219	3.571	6.585	5.906	4.808	4.111	3.490	2.599	2.019	1.892	3.12191367	2
	0.008000	10.0414	0.93605143	0.9347	0.4929	3.7087	3.7025	3.538	6.576	5.885	4.781	4.081	3.456	2.561	1.976	1.848	3.12204337	3
	0.008000	10.0414	0.93695307	0.9356	0.5293	3.7060	3.6559	3.447	6.523	5.813	4.701	3.994	3.365	2.460	1.867	1.739	3.12232614	3
	0.008000	10.0414	0.93784171	0.9364	0.5706	3.7039	3.6066	3.343	6.448	5.725	4.606	3.895	3.262	2.350	1.751	1.622	3.12260413	3
	0.008000	10.0414	0.93881547	0.9374	0.6207	3.7020	3.5493	3.218	6.346	5.614	4.488	3.773	3.137	2.218	1.613	1.484	3.12290835	3
	0.008000	10.0414	0.93952990	0.9381	0.6614	3.7008	3.5039	3.116	6.258	5.520	4.391	3.673	3.035	2.112	1.503	1.374	3.12313104	3
	0.008000	10.0414	0.94030023	0.9388	0.7086	3.6995	3.4518	2.998	6.159	5.413	4.278	3.558	2.917	1.990	1.377	1.247	3.12337089	3
	0.008000	10.0414	0.94109964	0.9395	0.7621	3.6981	3.3932	2.865	6.046	5.291	4.151	3.427	2.783	1.851	1.234	1.104	3.12361932	3
	0.008000	10.0414	0.94170386	0.9401	0.8062	3.6970	3.3448	2.755	5.953	5.190	4.045	3.319	2.673	1.737	1.116	0.986	3.12380672	3
	0.008000	10.0414	0.94227099	0.9406	0.8510	3.6957	3.2953	2.643	5.861	5.089	3.938	3.210	2.561	1.621	0.996	0.865	3.12398243	3
	0.008000	10.0414	0.94276160	0.9411	0.8930	3.6945	3.2488	2.538	5.775	4.995	3.838	3.107	2.456	1.511	0.883	0.752	3.12413430	3
	0.008000	10.0414	0.94322163	0.9415	0.9350	3.6933	3.2021	2.433	5.689	4.901	3.738	3.005	2.351	1.402	0.770	0.638	3.12427664	3
	0.008000	10.0414	0.94377708	0.9420	0.9908	3.6916	3.1395	2.293	5.578	4.777	3.606	2.869	2.212	1.256	0.619	0.486	3.12444830	3
	0.008000	10.0414	0.94414800	0.9423	1.0320	3.6902	3.0928	2.190	5.498	4.687	3.509	2.768	2.109	1.147	0.506	0.374	3.12456274	3
	0.008000	10.0414	0.94449300	0.9426	1.0729	3.6887	3.0462	2.088	5.420	4.599	3.414	2.669	2.007	1.040	0.395	0.262	3.12466908	3
	0.008000	10.0414	0.94490045	0.9429	1.1263	3.6867	2.9851	1.954	5.320	4.484	3.290	2.541	1.874	0.900	0.249	0.115	3.12479448	3
	0.008000	10.0414	0.94527173	0.9432	1.1801	3.6846	2.9228	1.820	5.222	4.369	3.166	2.411	1.740	0.759	0.101	-0.034	3.12490892	3
	0.008000	10.0414	0.94558680	0.9434	1.2305	3.6825	2.8642	1.694	5.132	4.262	3.051	2.290	1.615	0.626	-0.038	-0.174	3.12500572	3
	0.008000	10.0414	0.94581848	0.9435	1.2707	3.6807	2.8170	1.593	5.061	4.177	2.959	2.193	1.515	0.520	-0.150	-0.287	3.12507701	3
	0.008000	10.0414	0.94608539	0.9437	1.3211	3.6785	2.7576	1.467	4.976	4.072	2.845	2.073	1.390	0.387	-0.290	-0.428	3.12515903	3
	0.008000	10.0414	0.94633031	0.9438	1.3716	3.6761	2.6977	1.341	4.893	3.969	2.731	1.953	1.265	0.254	-0.431	-0.570	3.12523413	3
	0.008000	10.0414	0.94655365	0.9439	1.4217	3.6736	2.6378	1.216	4.813	3.867	2.619	1.834	1.141	0.121	-0.572	-0.712	3.12530279	3
	0.008000	10.0414	0.94675678	0.9439	1.4708	3.6712	2.5788	1.093	4.734	3.768	2.509	1.718	1.020	-0.010	-0.710	-0.851	3.12536502	3
	0.008000	10.0414	0.94694221	0.9440	1.5181	3.6687	2.5218	0.975	4.662	3.675	2.405	1.607	0.903	-0.135	-0.843	-0.985	3.12542176	3
	0.008000	10.0414	0.94713342	0.9439	1.5648	3.6663	2.4652	0.858	4.602	3.586	2.303	1.497	0.788	-0.259	-0.975	-1.118	3.12548041	3
	0.008000	10.0414	0.94735223	0.9439	1.6012	3.6644	2.4215	0.767	4.557	3.518	2.223	1.411	0.698	-0.356	-1.077	-1.222	3.12554741	3
	0.008000	10.0414	0.94746017	0.9439	1.5802	3.6660	2.4486	0.819	4.572	3.552	2.266	1.459	0.750	-0.299	-1.015	-1.159	3.12558055	3
	0.008000	10.0414	0.94759119	0.9439	1.5419	3.6686	2.4972	0.915	4.605	3.617	2.346	1.548	0.844	-0.195	-0.904	-1.046	3.12562060	3
	0.008000	10.0414	0.94773710	0.9438	1.5915	3.6658	2.4367	0.791	4.550	3.526	2.238	1.431	0.721	-0.328	-1.045	-1.188	3.12566543	3
	0.008000	10.0414	0.94787741	0.9438	1.6400	3.6631	2.3772	0.670	4.497	3.438	2.134	1.318	0.601	-0.458	-1.183	-1.328	3.12570834	3
	0.008000	10.0414	0.94800431	0.9437	1.6867	3.6604	2.3196	0.553	4.447	3.355	2.033	1.208	0.486	-0.583	-1.317	-1.463	3.12574697	3
	0.008000	10.0414	0.94812000	0.9436	1.7326	3.6577	2.2630	0.438	4.402	3.274	1.936	1.102	0.374	-0.706	-1.448	-1.595	3.12578249	3
	0.008000	10.0414	0.94822735	0.9435	1.7785	3.6549	2.2057	0.324	4.361	3.196	1.841	0.997	0.261	-0.830	-1.580	-1.728	3.12581539	3
	0.008000	10.0414	0.94832629	0.9433	1.8246	3.6521	2.1484	0.208	4.320	3.118	1.745	0.891	0.149	-0.953	-1.712	-1.862	3.12584543	3
	0.008000	10.0414	0.94841385	0.9431	1.8688	3.6493	2.0930	0.098	4.283	3.044	1.654	0.790	0.041	-1.071	-1.839	-1.991	3.12587237	3
	0.008000	10.0414	0.94849658	0.9429	1.9141	3.6464	2.0360	-0.015	4.250	2.972	1.563	0.688	-0.069	-1.192	-1.970	-2.123	3.12589765	3
	0.008000	10.0414	0.94857067	0.9426	1.9575	3.6436	1.9813	-0.124	4.223	2.903	1.476	0.589	-0.174	-1.308	-2.095	-2.250	3.12592030	3
	0.008000	10.0414	0.94864011	0.9423	2.0017	3.6407	1.9253	-0.234	4.205	2.837	1.388	0.490	-0.282	-1.427	-2.223	-2.379	3.12594151	3
	0.008000	10.0414	0.94870400	0.9420	2.0461	3.6378	1.8692	-0.345	4.191	2.772	1.301	0.391	-0.390	-1.546	-2.351	-2.509	3.12596083	3
	0.008000	10.0414	0.94876093	0.9416	2.0888	3.6348	1.8143	-0.452	4.183	2.712	1.220	0.297	-0.493	-1.661	-2.475	-2.635	3.12597823	3
	0.008000	10.0414	0.94881362	0.9412	2.1318	3.6319	1.7595	-0.560	4.172	2.652	1.138	0.202	-0.596	-1.777	-2.599	-2.761	3.12599444	3
	0.008000	10.0414	0.94886082	0.9408	2.1734	3.6290	1.7061	-0.663	4.165	2.595	1.060	0.111	-0.696	-1.888	-2.719	-2.884	3.12600875	3
	0.008000	10.0414	0.94890630	0.9403	2.2166	3.6259	1.6504	-0.772	4.160	2.538	0.980	0.019	-0.799	-2.003	-2.844	-3.011	3.12602282	3
	0.008000	10.0414	0.94894660	0.9397	2.2579	3.6231	1.5973	-0.875	4.154	2.483	0.904	-0.070	-0.897	-2.113	-2.963	-3.132	3.12603498	3
	0.008000	10.0414	0.94898450	0.9391	2.2997	3.6200	1.5430	-0.979	4.151	2.429	0.828	-0.159	-0.996	-2.224	-3.084	-3.256	3.12604666	3
	0.008000	10.0414	0.94901931	0.9385	2.3411	3.6170	1.4895	-1.083	4.148	2.377	0.755	-0.245	-1.094	-2.334	-3.203	-3.377	3.12605715	3
	0.008000	10.0414	0.94905078	0.9378	2.3813	3.6140	1.4368	-1.183	4.154	2.327	0.686	-0.328	-1.188	-2.441	-3.319	-3.496	3.12606668	3
	0.008000	10.0414	0.94908094	0.9371	2.4229	3.6109	1.3825	-1.287	4.161	2.277	0.614	-0.414	-1.286	-2.552	-3.439	-3.619	3.12607598	3
	0.008000	10.0414	0.94910783	0.9363	2.4628	3.6080	1.3304	-1.387	4.167	2.229	0.548	-0.493	-1.379	-2.658	-3.555	-3.737	3.12608409	3
	0.008000	10.0414	0.94913274	0.9354	2.5027	3.6048	1.2776	-1.487	4.179	2.185	0.485	-0.569	-1.471	-2.764	-3.671	-3.856	3.12609172	3
	0.008000	10.0414	0.94915646	0.9344	2.5434	3.6017	1.2240	-1.588	4.190	2.140	0.419	-0.648	-1.565	-2.872	-3.789	-3.977	3.12609911	3
	0.008000	10.0414	0.94917727	0.9334	2.5817	3.5987	1.1731	-1.684	4.204	2.100	0.361	-0.719	-1.654	-2.975	-3.901	-4.092	3.12610531	3
	0.008000	10.0414	0.94919717	0.9323	2.6207	3.5955	1.1207	-1.782	4.221	2.064	0.306	-0.787	-1.742	-3.079	-4.015	-4.211	3.12611151	3
	0.008000	10.0414	0.94921541	0.9311	2.6591	3.5925	1.0699	-1.878	4.233	2.026	0.250	-0.857	-1.830	-3.181	-4.127	-4.325	3.12611699	3
	0.008000	10.0414	0.94923210	0.9299	2.6965	3.5894	1.0194	-1.971	4.251	1.993	0.199	-0.921	-1.915	-3.280	-4.237	-4.439	3.12612224	3
	0.008000	10.0414	0.94924808	0.9285	2.7344	3.5861	0.9678	-2.066	4.280	1.968	0.154	-0.978	-2.000	-3.382	-4.346	-4.553	3.12612700	3
	0.008000	10.0414	0.94926620	0.9266	2.7802	3.5821	0.9051	-2.180	4.325	1.941	0.096	-1.051	-2.104	-3.505	-4.476	-4.691	3.12613249	3
	0.008000	10.0414	0.94928235	0.9247	2.8243	3.5784	0.8452	-2.291	4.362	1.914	0.043	-1.120	-2.203	-3.624	-4.600	-4.823	3.12613750	3
	0.008000	10.0414	0.94929737	0.9225	2.8682	3.5743	0.7841	-2.400	4.406	1.896	0.000	-1.179	-2.301	-3.742	-4.725	-4.956	3.12614202	3
	0.008000	10.0414	0.94931120	0.9201	2.9114	3.5702	0.7234	-2.509	4.456	1.882	-0.042	-1.241	-2.396	-3.858	-4.847	-5.087	3.12614632	3
	0.008000	10.0414	0.94932389	0.9175	2.9539	3.5662	0.6636	-2.615	4.503	1.875	-0.069	-1.287	-2.488	-3.972	-4.967	-5.216	3.12615013	3
	0.008000	10.0414	0.94933569	0.9146	2.9958	3.5622	0.6041	-2.719	4.555	1.868	-0.096	-1.333	-2.579	-4.085	-5.086	-5.343	3.12615371	3
	0.008000	10.0414	0.94934630	0.9116	3.0357	3.5582	0.5467	-2.819	4.608	1.868	-0.112	-1.367	-2.665	-4.192	-5.199	-5.465	3.12615705	3
	0.008000	10.0414	0.94935620	0.9083	3.0751	3.5541	0.4897	-2.918	4.657	1.874	-0.112	-1.386	-2.748	-4.299	-5.312	-5.586	3.12615991	3
	0.008000	10.0414	0.94936544	0.9047	3.1141	3.5500	0.4325	-3.015	4.678	1.878	-0.106	-1.399	-2.829	-4.405	-5.425	-5.707	3.12616277	3
	0.008000	10.0414	0.94937396	0.9008	3.1522	3.5460	0.3763	-3.110	4.690	1.906	-0.065	-1.387	-2.899	-4.510	-5.536	-5.825	3.12616539	3
	0.008000	10.0414	0.94938171	0.8966	3.1886	3.5419	0.3218	-3.201	4.708	1.937	-0.022	-1.371	-2.966	-4.611	-5.643	-5.940	3.12616777	3
	0.008000	10.0414	0.94938922	0.8920	3.2256	3.5377	0.2658	-3.294	4.724	1.988	0.048	-1.341	-3.026	-4.714	-5.752	-6.057	3.12617016	3
	0.008000	10.0414	0.94939607	0.8871	3.2608	3.5336	0.2116	-3.382	4.737	2.054	0.137	-1.299	-3.075	-4.813	-5.856	-6.169	3.12617207	3
	0.008000	10.0414	0.94940275	0.8815	3.2969	3.5292	0.1553	-3.472	4.758	2.138	0.248	-1.245	-3.119	-4.914	-5.963	-6.284	3.12617421	3
	0.008000	10.0414	0.94940883	0.8756	3.3312	3.5253	0.1025	-3.558	4.790	2.267	0.409	-1.180	-3.136	-5.012	-6.065	-6.392	3.12617612	3
	0.008000	10.0414	0.94941461	0.8692	3.3643	3.5213	0.0501	-3.641	4.831	2.405	0.581	-1.104	-3.149	-5.107	-6.164	-6.499	3.12617779	3
	0.008000	10.0414	0.94941962	0.8628	3.3909	3.5181	0.0076	-3.707	4.857	2.508	0.688	-1.066	-3.155	-5.181	-6.242	-6.583	3.12617922	4
	0.008000	10.0414	0.94941962	0.8626	1.6961	3.6853	2.3709	0.530	3.916	3.076	1.864	1.119	0.449	-0.530	-1.184	-1.317	3.12617922	4
	0.008000	10.0414	0.94949287	0.8625	1.7058	3.6846	2.3584	0.506	3.907	3.059	1.843	1.097	0.425	-0.557	-1.212	-1.346	3.12620163	4
	0.008000	10.0414	0.94956326	0.8625	1.7093	3.6844	2.3540	0.497	3.903	3.052	1.836	1.088	0.416	-0.567	-1.223	-1.356	3.12622309	4
	0.008000	10.0414	0.94963360	0.8624	1.7100	3.6846	2.3540	0.495	3.897	3.049	1.833	1.086	0.414	-0.568	-1.223	-1.357	3.12624454	4
	0.008000	10.0414	0.94970721	0.8623	1.7089	3.6850	2.3568	0.498	3.892	3.048	1.834	1.088	0.417	-0.564	-1.218	-1.351	3.12626696	4
	0.008000	10.0414	0.94977927	0.8623	1.7068	3.6855	2.3609	0.503	3.887	3.048	1.836	1.092	0.422	-0.557	-1.209	-1.342	3.12628889	4
	0.008000	10.0414	0.94985157	0.8622	1.7044	3.6861	2.3656	0.509	3.882	3.048	1.840	1.097	0.428	-0.549	-1.199	-1.332	3.12631106	4
	0.008000	10.0414	0.94992459	0.8622	1.7018	3.6866	2.3704	0.515	3.878	3.049	1.843	1.102	0.434	-0.540	-1.189	-1.322	3.12633324	4
	0.008000	10.0414	0.94999665	0.8621	1.6994	3.6872	2.3749	0.522	3.873	3.050	1.847	1.107	0.440	-0.533	-1.180	-1.312	3.12635517	4
	0.008000	10.0414	0.95007122	0.8621	1.6971	3.6877	2.3793	0.527	3.868	3.051	1.850	1.112	0.446	-0.525	-1.171	-1.303	3.12637782	4
	0.008000	10.0414	0.95013922	0.8620	1.6955	3.6882	2.3827	0.531	3.864	3.050	1.852	1.115	0.450	-0.519	-1.164	-1.296	3.12639856	4
	0.008000	10.0414	0.95020813	0.8620	1.6939	3.6886	2.3860	0.535	3.859	3.050	1.853	1.118	0.454	-0.514	-1.157	-1.289	3.12641954	4
	0.008000	10.0414	0.95027775	0.8620	1.6926	3.6890	2.3887	0.538	3.855	3.050	1.855	1.120	0.457	-0.510	-1.151	-1.283	3.12644076	4
	0.008000	10.0414	0.95034993	0.8619	1.6914	3.6893	2.3913	0.541	3.851	3.049	1.856	1.123	0.460	-0.506	-1.146	-1.278	3.12646270	4
	0.008000	10.0414	0.95042223	0.8619	1.6904	3.6897	2.3937	0.544	3.847	3.049	1.857	1.125	0.462	-0.502	-1.141	-1.273	3.12648463	4
	0.008000	10.0414	0.95049632	0.8618	1.6896	3.6899	2.3955	0.546	3.843	3.048	1.857	1.126	0.464	-0.499	-1.138	-1.269	3.12650728	4
	0.008000	10.0414	0.95056564	0.8618	1.6892	3.6902	2.3969	0.547	3.840	3.047	1.858	1.127	0.466	-0.497	-1.135	-1.267	3.12652826	4
	0.008000	10.0414	0.95063645	0.8618	1.6890	3.6903	2.3977	0.548	3.838	3.046	1.857	1.127	0.466	-0.496	-1.134	-1.265	3.12654996	4
	0.008000	10.0414	0.95070881	0.8617	1.6890	3.6905	2.3982	0.547	3.836	3.045	1.857	1.127	0.466	-0.496	-1.133	-1.264	3.12657189	4
	0.008000	10.0414	0.95078379	0.8617	1.6896	3.6905	2.3978	0.546	3.833	3.043	1.855	1.125	0.465	-0.497	-1.134	-1.265	3.12659478	4
	0.008000	10.0414	0.95085692	0.8616	1.6904	3.6905	2.3969	0.544	3.831	3.041	1.853	1.123	0.462	-0.499	-1.136	-1.267	3.12661695	4
	0.008000	10.0414	0.95093113	0.8616	1.6918	3.6904	2.3952	0.541	3.829	3.038	1.850	1.120	0.459	-0.503	-1.140	-1.271	3.12663937	4
	0.008000	10.0414	0.95094532	0.8616	1.6921	3.6904	2.3948	0.540	3.829	3.038	1.849	1.119	0.458	-0.504	-1.141	-1.272	3.12664390	4
	0.008000	10.0414	0.95100164	0.8615	1.6936	3.6903	2.3928	0.536	3.828	3.035	1.846	1.115	0.454	-0.508	-1.145	-1.277	3.12666082	4
	0.008000	10.0414	0.95107603	0.8615	1.6960	3.6901	2.3894	0.530	3.826	3.031	1.841	1.110	0.448	-0.515	-1.153	-1.284	3.12668347	4
	0.008000	10.0414	0.95114619	0.8614	1.6989	3.6898	2.3853	0.523	3.825	3.027	1.835	1.103	0.441	-0.523	-1.162	-1.294	3.12670493	4
	0.008000	10.0414	0.95121515	0.8614	1.7024	3.6894	2.3802	0.514	3.824	3.022	1.828	1.095	0.432	-0.533	-1.173	-1.305	3.12672567	4
	0.008000	10.0414	0.95128316	0.8614	1.7054	3.6891	2.3762	0.507	3.823	3.017	1.822	1.088	0.425	-0.541	-1.183	-1.314	3.12674642	4
	0.008000	10.0414	0.95135337	0.8613	1.7110	3.6884	2.3678	0.492	3.823	3.010	1.811	1.075	0.411	-0.558	-1.201	-1.333	3.12676764	4
	0.008000	10.0414	0.95142102	0.8613	1.7177	3.6876	2.3580	0.476	3.822	3.001	1.798	1.060	0.394	-0.577	-1.223	-1.355	3.12678838	4
	0.008000	10.0414	0.95149070	0.8612	1.7271	3.6866	2.3444	0.452	3.820	2.988	1.780	1.039	0.371	-0.604	-1.253	-1.386	3.12680936	4
	0.008000	10.0414	0.95155847	0.8611	1.7389	3.6853	2.3274	0.423	3.817	2.972	1.757	1.012	0.341	-0.638	-1.291	-1.424	3.12683010	4
	0.008000	10.0414	0.95162725	0.8611	1.7544	3.6836	2.3051	0.384	3.813	2.950	1.726	0.976	0.302	-0.683	-1.340	-1.474	3.12685084	4
	0.008000	10.0414	0.95169657	0.8610	1.7821	3.6808	2.2660	0.315	3.802	2.910	1.671	0.913	0.233	-0.762	-1.428	-1.562	3.12687182	4
	0.008000	10.0414	0.95174068	0.8609	1.8204	3.6768	2.2119	0.219	3.793	2.857	1.596	0.827	0.139	-0.871	-1.548	-1.685	3.12688541	4
	0.008000	10.0414	0.95176131	0.8609	1.8568	3.6731	2.1606	0.128	3.785	2.806	1.525	0.745	0.049	-0.975	-1.663	-1.801	3.12689161	4
	0.008000	10.0414	0.95177221	0.8609	1.8953	3.6693	2.1066	0.032	3.775	2.753	1.450	0.658	-0.045	-1.084	-1.783	-1.924	3.12689495	4
	0.008000	10.0414	0.95177764	0.8608	1.9361	3.6652	2.0496	-0.070	3.769	2.698	1.373	0.568	-0.145	-1.198	-1.910	-2.053	3.12689662	4
	0.008000	10.0414	0.95178050	0.8608	1.9765	3.6613	1.9937	-0.171	3.760	2.643	1.296	0.478	-0.243	-1.311	-2.035	-2.179	3.12689734	4
	0.008000	10.0414	0.95178223	0.8608	2.0145	3.6577	1.9411	-0.266	3.767	2.596	1.226	0.394	-0.336	-1.417	-2.152	-2.299	3.12689781	4
	0.008000	10.0414	0.95178300	0.8608	2.0385	3.6554	1.9082	-0.326	3.772	2.567	1.182	0.341	-0.394	-1.483	-2.226	-2.374	3.12689805	7
	0.008000	10.0414	0.95178306	0.8608	2.0391	3.6554	1.9073	-0.328	3.772	2.566	1.181	0.340	-0.395	-1.485	-2.228	-2.376	3.12689805	7
	0.008000	10.0414	0.95178354	0.8608	2.0551	3.6538	1.8850	-0.368	3.777	2.547	1.152	0.305	-0.434	-1.530	-2.277	-2.426	3.12689829	7
	0.008000	10.0414	0.95178461	0.8608	2.0940	3.6503	1.8320	-0.465	3.783	2.499	1.080	0.219	-0.528	-1.637	-2.396	-2.547	3.12689853	7
	0.008000	10.0414	0.95178568	0.8608	2.1342	3.6466	1.7772	-0.566	3.793	2.451	1.008	0.133	-0.625	-1.748	-2.518	-2.671	3.12689900	7
	0.008000	10.0414	0.95178676	0.8608	2.1732	3.6431	1.7239	-0.663	3.804	2.406	0.938	0.049	-0.718	-1.855	-2.637	-2.792	3.12689924	7
	0.008000	10.0414	0.95178789	0.8608	2.2111	3.6397	1.6725	-0.758	3.813	2.361	0.870	-0.033	-0.809	-1.960	-2.752	-2.908	3.12689972	7
	0.008000	10.0414	0.95179105	0.8607	2.2102	3.6399	1.6741	-0.756	3.810	2.360	0.871	-0.032	-0.807	-1.957	-2.748	-2.905	3.12690067	7
	0.008000	10.0414	0.95179284	0.8607	2.1721	3.6433	1.7260	-0.660	3.799	2.405	0.939	0.050	-0.716	-1.852	-2.633	-2.788	3.12690115	7
	0.008000	10.0414	0.95179719	0.8607	2.1338	3.6468	1.7783	-0.564	3.789	2.450	1.008	0.133	-0.624	-1.747	-2.516	-2.669	3.12690234	7
	0.008000	10.0414	0.95181167	0.8606	2.1046	3.6494	1.8178	-0.492	3.782	2.485	1.060	0.196	-0.554	-1.666	-2.428	-2.579	3.12690687	7
	0.008000	10.0414	0.95185286	0.8602	2.1364	3.6463	1.7732	-0.571	3.798	2.451	1.005	0.128	-0.630	-1.755	-2.526	-2.679	3.12691927	7
	0.008000	10.0414	0.95188248	0.8600	2.1762	3.6426	1.7187	-0.670	3.809	2.405	0.935	0.043	-0.725	-1.864	-2.647	-2.802	3.12692833	7
	0.008000	10.0414	0.95191067	0.8596	2.2177	3.6389	1.6621	-0.774	3.821	2.356	0.861	-0.046	-0.825	-1.978	-2.773	-2.930	3.12693691	7
	0.008000	10.0414	0.95193523	0.8593	2.2595	3.6351	1.6052	-0.879	3.836	2.310	0.789	-0.134	-0.924	-2.092	-2.899	-3.059	3.12694430	7
	0.008000	10.0414	0.95195621	0.8590	2.3013	3.6313	1.5480	-0.983	3.852	2.264	0.717	-0.222	-1.023	-2.206	-3.025	-3.188	3.12695074	7
	0.008000	10.0414	0.95197427	0.8586	2.3427	3.6276	1.4917	-1.087	3.868	2.220	0.647	-0.308	-1.120	-2.318	-3.149	-3.315	3.12695622	7
	0.008000	10.0414	0.95199013	0.8583	2.3841	3.6240	1.4354	-1.190	3.890	2.175	0.578	-0.393	-1.216	-2.430	-3.272	-3.441	3.12696099	7
	0.008000	10.0414	0.95200413	0.8579	2.4254	3.6203	1.3793	-1.293	3.912	2.131	0.510	-0.478	-1.312	-2.541	-3.395	-3.566	3.12696528	7
	0.008000	10.0414	0.95201665	0.8575	2.4663	3.6167	1.3236	-1.396	3.934	2.089	0.445	-0.559	-1.407	-2.651	-3.517	-3.691	3.12696910	7
	0.008000	10.0414	0.95202816	0.8571	2.5073	3.6130	1.2678	-1.498	3.958	2.049	0.381	-0.640	-1.502	-2.761	-3.638	-3.816	3.12697244	7
	0.008000	10.0414	0.95203888	0.8566	2.5482	3.6093	1.2120	-1.600	3.984	2.009	0.318	-0.719	-1.596	-2.871	-3.759	-3.941	3.12697577	7
	0.008000	10.0414	0.95204884	0.8561	2.5888	3.6056	1.1563	-1.702	4.011	1.973	0.259	-0.794	-1.689	-2.980	-3.881	-4.066	3.12697887	7
	0.008000	10.0414	0.95205837	0.8556	2.6297	3.6019	1.1002	-1.804	4.040	1.938	0.201	-0.869	-1.781	-3.090	-4.003	-4.191	3.12698174	7
	0.008000	10.0414	0.95206738	0.8549	2.6701	3.5983	1.0451	-1.905	4.066	1.903	0.144	-0.941	-1.873	-3.198	-4.123	-4.315	3.12698436	7
	0.008000	10.0414	0.95207608	0.8542	2.7114	3.5945	0.9881	-2.009	4.101	1.875	0.092	-1.010	-1.966	-3.309	-4.245	-4.443	3.12698698	7
	0.008000	10.0414	0.95208389	0.8535	2.7520	3.5907	0.9319	-2.110	4.152	1.854	0.040	-1.081	-2.057	-3.419	-4.363	-4.567	3.12698936	7
	0.008000	10.0414	0.95209116	0.8526	2.7943	3.5867	0.8732	-2.216	4.203	1.834	-0.009	-1.145	-2.151	-3.533	-4.485	-4.697	3.12699151	7
	0.008000	10.0414	0.95209664	0.8519	2.8383	3.5824	0.8116	-2.326	4.259	1.816	-0.059	-1.213	-2.250	-3.652	-4.612	-4.831	3.12699318	7
	0.008000	10.0414	0.95210046	0.8513	2.8810	3.5780	0.7513	-2.432	4.317	1.804	-0.101	-1.273	-2.343	-3.767	-4.735	-4.963	3.12699437	7
	0.008000	10.0414	0.95210367	0.8507	2.9220	3.5738	0.6932	-2.535	4.371	1.796	-0.136	-1.325	-2.433	-3.878	-4.853	-5.089	3.12699533	7
	0.008000	10.0414	0.95210660	0.8500	2.9630	3.5695	0.6345	-2.637	4.433	1.791	-0.168	-1.379	-2.522	-3.988	-4.971	-5.216	3.12699628	7
	0.008000	10.0414	0.95210928	0.8493	3.0045	3.5651	0.5750	-2.741	4.492	1.792	-0.187	-1.417	-2.611	-4.101	-5.090	-5.345	3.12699699	7
	0.008000	10.0414	0.95211196	0.8485	3.0471	3.5604	0.5130	-2.848	4.565	1.796	-0.206	-1.455	-2.703	-4.215	-5.213	-5.478	3.12699795	7
	0.008000	10.0414	0.95211446	0.8476	3.0848	3.5561	0.4578	-2.942	4.599	1.807	-0.195	-1.463	-2.781	-4.319	-5.323	-5.596	3.12699866	7
	0.008000	10.0414	0.95211703	0.8465	3.1208	3.5520	0.4048	-3.032	4.627	1.819	-0.180	-1.467	-2.854	-4.418	-5.429	-5.710	3.12699938	7
	0.008000	10.0414	0.95211977	0.8451	3.1558	3.5478	0.3523	-3.120	4.655	1.847	-0.143	-1.455	-2.921	-4.515	-5.534	-5.822	3.12700033	7
	0.008000	10.0414	0.95212042	0.8447	3.1978	3.5426	0.2893	-3.224	4.689	1.899	-0.073	-1.419	-2.995	-4.633	-5.660	-5.958	3.12700057	7
	0.008000	10.0414	0.95212078	0.8445	3.2353	3.5379	0.2327	-3.318	4.716	1.962	0.013	-1.375	-3.053	-4.738	-5.773	-6.079	3.12700057	7
	0.008000	10.0414	0.95212138	0.8441	3.2693	3.5334	0.1807	-3.403	4.737	2.042	0.120	-1.318	-3.096	-4.834	-5.876	-6.190	3.12700081	7
	0.008000	10.0414	0.95212138	0.8441	3.2693	3.5334	0.1806	-3.403	4.737	2.043	0.121	-1.317	-3.096	-4.834	-5.876	-6.190	3.12700081	8
