# File generated by CMD 2.8 (http://stev.oapd.inaf.it/cmd) on Mon Oct 17 10:06:08 CEST 2016
# PARSEC isochrones, release v1.2S
# Basic references: Bressan et al. (2012), MNRAS, 427, 127 + Chen et al. (2014, 2015), MNRAS, 444, 2525 + MNRAS, 452, 1068 + Tang et al. (2014), MNRAS, 445, 4287
# Warning: you choose not to include the TP-AGB phase!
# Photometric system: <i>UBVRIJHK</i> (cf. Maiz-Apellaniz 2006 + Bessell 1990)
# Attention: photometry includes extinction of Av=1.0
# Using NBC version of bolometric corrections as in Chen et al. (2014), MNRAS, 444, 2525
# BCs of Carbon stars derive from Aringer et al. (2009, A&A 503, 913)
# O-rich circumstellar dust ignored
# C-rich circumstellar dust ignored
# IMF: Chabrier (2001) lognormal 
# On RGB, assumed Reimers mass loss with efficiency eta=0.2
# Kind of output: isochrone tables
#	Isochrone  Z = 0.00800	Y = 0.26300	[M/H] = -0.276	eta_R = 0.200	Age = 	1.0100e+10 yr
#	Includes interstellar extinction of Av = 1.0000 mag
#      Z	log(age/yr)	M_ini   	M_act	logL/Lo	logTe	logG	mbol    U       B       V       R       I       J       H       K	int_IMF	stage
	0.008000	10.0043	0.09000000	0.0900	-3.3681	3.3871	5.2607	13.190	25.813	22.216	19.958	16.987	14.330	11.307	10.696	10.372	1.46765435	1
	0.008000	10.0043	0.10000000	0.1000	-3.1677	3.4163	5.2228	12.689	23.597	20.576	18.419	15.888	13.497	10.892	10.254	9.906	1.57040203	1
	0.008000	10.0043	0.12000000	0.1200	-2.9039	3.4487	5.1679	12.030	21.220	18.736	16.702	14.619	12.499	10.322	9.658	9.296	1.74782515	1
	0.008000	10.0043	0.12561014	0.1256	-2.8492	3.4545	5.1563	11.893	20.805	18.405	16.388	14.378	12.311	10.201	9.533	9.172	1.79200959	1
	0.008000	10.0043	0.14000000	0.1400	-2.7195	3.4683	5.1289	11.569	19.859	17.642	15.666	13.820	11.878	9.914	9.238	8.879	1.89584959	1
	0.008000	10.0043	0.16000000	0.1600	-2.5763	3.4819	5.0979	11.211	18.939	16.883	14.945	13.243	11.429	9.593	8.910	8.556	2.02115250	1
	0.008000	10.0043	0.20000000	0.2000	-2.3559	3.5000	5.0467	10.660	17.723	15.855	13.965	12.422	10.780	9.092	8.402	8.059	2.22178221	1
	0.008000	10.0043	0.25000000	0.2500	-2.1445	3.5147	4.9912	10.131	16.746	15.000	13.153	11.712	10.194	8.602	7.907	7.574	2.40809011	1
	0.008000	10.0043	0.30000001	0.3000	-1.9782	3.5250	4.9454	9.716	16.069	14.386	12.570	11.187	9.746	8.212	7.511	7.188	2.54750419	1
	0.008000	10.0043	0.34999999	0.3500	-1.8331	3.5337	4.9019	9.353	15.513	13.872	12.085	10.743	9.361	7.871	7.164	6.849	2.65552020	1
	0.008000	10.0043	0.38813150	0.3881	-1.7170	3.5423	4.8653	9.062	15.053	13.444	11.683	10.378	9.052	7.604	6.890	6.582	2.72258377	1
	0.008000	10.0043	0.40000001	0.4000	-1.6832	3.5449	4.8547	8.978	14.924	13.322	11.567	10.272	8.963	7.526	6.811	6.504	2.74133730	1
	0.008000	10.0043	0.44999999	0.4500	-1.5213	3.5589	4.7999	8.573	14.287	12.720	10.997	9.752	8.534	7.160	6.433	6.138	2.81098008	1
	0.008000	10.0043	0.50000000	0.5000	-1.3477	3.5772	4.7453	8.139	13.592	12.056	10.367	9.175	8.078	6.778	6.036	5.759	2.86847806	1
	0.008000	10.0043	0.55000001	0.5500	-1.1542	3.6013	4.6897	7.656	12.804	11.292	9.669	8.553	7.579	6.358	5.592	5.351	2.91663504	1
	0.008000	10.0043	0.58241248	0.5823	-1.0309	3.6205	4.6683	7.347	12.261	10.762	9.215	8.154	7.264	6.095	5.316	5.110	2.94379020	1
	0.008000	10.0043	0.60000002	0.5999	-0.9666	3.6306	4.6571	7.187	11.964	10.477	8.977	7.948	7.100	5.957	5.181	4.990	2.95739889	1
	0.008000	10.0043	0.64999998	0.6499	-0.7774	3.6642	4.6372	6.714	10.817	9.553	8.233	7.337	6.616	5.578	4.863	4.709	2.99236870	1
	0.008000	10.0043	0.65499574	0.6549	-0.7590	3.6673	4.6344	6.668	10.702	9.468	8.164	7.282	6.569	5.542	4.835	4.683	2.99558377	1
	0.008000	10.0043	0.69006735	0.6899	-0.6317	3.6884	4.6142	6.349	9.930	8.915	7.707	6.910	6.246	5.290	4.652	4.509	3.01688242	1
	0.008000	10.0043	0.69999999	0.6998	-0.5962	3.6942	4.6081	6.260	9.725	8.770	7.586	6.810	6.157	5.221	4.600	4.461	3.02253795	1
	0.008000	10.0043	0.71130657	0.7111	-0.5554	3.7007	4.6001	6.159	9.495	8.608	7.451	6.698	6.057	5.142	4.540	4.404	3.02878952	1
	0.008000	10.0043	0.72539520	0.7252	-0.5047	3.7085	4.5893	6.032	9.222	8.414	7.288	6.560	5.933	5.044	4.464	4.331	3.03631473	1
	0.008000	10.0043	0.73886776	0.7387	-0.4562	3.7159	4.5783	5.911	8.970	8.233	7.136	6.431	5.816	4.951	4.391	4.261	3.04325056	1
	0.008000	10.0043	0.75000000	0.7498	-0.4161	3.7219	4.5686	5.810	8.767	8.087	7.013	6.325	5.720	4.874	4.330	4.202	3.04879928	1
	0.008000	10.0043	0.75639170	0.7562	-0.3931	3.7250	4.5616	5.753	8.659	8.009	6.945	6.265	5.665	4.828	4.293	4.166	3.05191350	1
	0.008000	10.0043	0.77088308	0.7706	-0.3408	3.7318	4.5447	5.622	8.417	7.830	6.791	6.130	5.541	4.725	4.207	4.083	3.05878854	1
	0.008000	10.0043	0.78438532	0.7841	-0.2917	3.7379	4.5278	5.499	8.199	7.666	6.649	6.005	5.427	4.628	4.125	4.004	3.06497264	1
	0.008000	10.0043	0.79745430	0.7971	-0.2439	3.7437	4.5102	5.380	7.996	7.509	6.514	5.884	5.315	4.533	4.044	3.925	3.07076430	1
	0.008000	10.0043	0.80000001	0.7997	-0.2346	3.7448	4.5067	5.356	7.957	7.479	6.488	5.861	5.293	4.514	4.028	3.910	3.07187057	1
	0.008000	10.0043	0.81334668	0.8130	-0.1849	3.7501	4.4853	5.232	7.759	7.323	6.351	5.737	5.177	4.413	3.939	3.823	3.07755423	1
	0.008000	10.0043	0.82686555	0.8265	-0.1337	3.7552	4.4616	5.104	7.569	7.167	6.214	5.610	5.057	4.307	3.845	3.730	3.08311963	1
	0.008000	10.0043	0.83923119	0.8388	-0.0859	3.7596	4.4379	4.985	7.396	7.023	6.086	5.491	4.944	4.206	3.755	3.642	3.08804941	1
	0.008000	10.0043	0.85000002	0.8495	-0.0429	3.7632	4.4150	4.877	7.247	6.895	5.972	5.385	4.844	4.115	3.672	3.560	3.09222293	1
	0.008000	10.0043	0.85402250	0.8535	-0.0267	3.7645	4.4058	4.837	7.193	6.848	5.929	5.345	4.806	4.080	3.639	3.528	3.09375405	1
	0.008000	10.0043	0.86643529	0.8659	0.0254	3.7681	4.3745	4.707	7.022	6.697	5.793	5.216	4.683	3.967	3.533	3.424	3.09838748	1
	0.008000	10.0043	0.87819129	0.8776	0.0759	3.7711	4.3419	4.580	6.863	6.554	5.661	5.092	4.564	3.855	3.428	3.320	3.10265207	1
	0.008000	10.0043	0.88931388	0.8886	0.1237	3.7734	4.3085	4.461	6.719	6.421	5.538	4.974	4.450	3.747	3.325	3.218	3.10658050	1
	0.008000	10.0043	0.89962572	0.8989	0.1694	3.7750	4.2742	4.347	6.588	6.297	5.421	4.862	4.340	3.641	3.223	3.116	3.11013365	1
	0.008000	10.0043	0.89999998	0.8993	0.1711	3.7750	4.2729	4.342	6.583	6.293	5.417	4.857	4.336	3.637	3.219	3.112	3.11026096	1
	0.008000	10.0043	0.90433812	0.9036	0.1915	3.7756	4.2569	4.291	6.525	6.238	5.365	4.807	4.287	3.589	3.172	3.066	3.11172986	1
	0.008000	10.0043	0.90764982	0.9069	0.2076	3.7759	4.2437	4.251	6.481	6.195	5.324	4.767	4.247	3.551	3.134	3.028	3.11284137	1
	0.008000	10.0043	0.91226542	0.9114	0.2307	3.7762	4.2239	4.193	6.420	6.136	5.266	4.710	4.191	3.495	3.079	2.973	3.11437678	1
	0.008000	10.0043	0.92220187	0.9213	0.2826	3.7760	4.1757	4.063	6.291	6.005	5.136	4.581	4.061	3.364	2.948	2.842	3.11762857	1
	0.008000	10.0043	0.93142325	0.9304	0.3340	3.7741	4.1210	3.935	6.178	5.885	5.010	4.452	3.930	3.227	2.807	2.700	3.12058306	1
	0.008000	10.0043	0.93303245	0.9320	0.3432	3.7736	4.1106	3.912	6.159	5.864	4.988	4.428	3.906	3.202	2.780	2.673	3.12109232	2
	0.008000	10.0043	0.93971241	0.9386	0.3828	3.7693	4.0571	3.813	6.097	5.786	4.895	4.328	3.799	3.083	2.652	2.544	3.12318802	2
	0.008000	10.0043	0.94593590	0.9448	0.4179	3.7618	3.9948	3.725	6.078	5.736	4.821	4.239	3.699	2.963	2.515	2.404	3.12511301	2
	0.008000	10.0043	0.94999033	0.9488	0.4347	3.7517	3.9392	3.683	6.144	5.749	4.799	4.196	3.641	2.877	2.406	2.291	3.12635326	2
	0.008000	10.0043	0.94999999	0.9488	0.4347	3.7517	3.9391	3.683	6.144	5.750	4.799	4.196	3.641	2.877	2.406	2.291	3.12635612	2
	0.008000	10.0043	0.95154631	0.9503	0.4389	3.7462	3.9137	3.673	6.196	5.771	4.800	4.186	3.623	2.843	2.359	2.243	3.12682629	2
	0.008000	10.0043	0.95365822	0.9524	0.4410	3.7349	3.8675	3.668	6.332	5.834	4.823	4.185	3.604	2.792	2.279	2.160	3.12746596	2
	0.008000	10.0043	0.95558834	0.9543	0.4516	3.7232	3.8107	3.641	6.467	5.885	4.832	4.168	3.566	2.719	2.174	2.051	3.12804794	2
	0.008000	10.0043	0.95708621	0.9557	0.4774	3.7152	3.7538	3.577	6.517	5.876	4.795	4.112	3.498	2.624	2.057	1.931	3.12849784	2
	0.008000	10.0043	0.95850670	0.9571	0.5188	3.7096	3.6905	3.473	6.495	5.812	4.713	4.015	3.392	2.499	1.917	1.790	3.12892342	3
	0.008000	10.0043	0.95958358	0.9582	0.5607	3.7065	3.6369	3.368	6.434	5.731	4.620	3.915	3.287	2.384	1.792	1.664	3.12924504	3
	0.008000	10.0043	0.96073937	0.9593	0.6133	3.7039	3.5745	3.237	6.336	5.618	4.499	3.788	3.155	2.243	1.644	1.515	3.12958932	3
	0.008000	10.0043	0.96156645	0.9601	0.6554	3.7025	3.5268	3.131	6.248	5.523	4.399	3.686	3.050	2.133	1.530	1.400	3.12983537	3
	0.008000	10.0043	0.96254528	0.9610	0.7100	3.7008	3.4659	2.995	6.133	5.399	4.269	3.552	2.914	1.991	1.382	1.253	3.13012576	3
	0.008000	10.0043	0.96342224	0.9619	0.7639	3.6993	3.4065	2.860	6.020	5.276	4.140	3.420	2.779	1.851	1.238	1.108	3.13038564	3
	0.008000	10.0043	0.96408892	0.9625	0.8087	3.6981	3.3571	2.748	5.926	5.174	4.033	3.311	2.667	1.735	1.118	0.987	3.13058281	3
	0.008000	10.0043	0.96465850	0.9630	0.8501	3.6970	3.3116	2.645	5.840	5.080	3.935	3.210	2.563	1.627	1.007	0.876	3.13075089	3
	0.008000	10.0043	0.96520388	0.9635	0.8928	3.6958	3.2641	2.538	5.753	4.984	3.833	3.105	2.457	1.516	0.892	0.761	3.13091183	3
	0.008000	10.0043	0.96582651	0.9641	0.9454	3.6942	3.2054	2.406	5.647	4.867	3.708	2.977	2.325	1.379	0.750	0.618	3.13109517	3
	0.008000	10.0043	0.96625936	0.9645	0.9856	3.6929	3.1604	2.306	5.567	4.778	3.613	2.879	2.225	1.274	0.641	0.509	3.13122249	3
	0.008000	10.0043	0.96667129	0.9648	1.0266	3.6915	3.1140	2.203	5.487	4.688	3.517	2.779	2.122	1.166	0.529	0.397	3.13134360	3
	0.008000	10.0043	0.96715975	0.9652	1.0799	3.6896	3.0533	2.070	5.385	4.572	3.392	2.650	1.989	1.026	0.383	0.251	3.13148713	3
	0.008000	10.0043	0.96750498	0.9655	1.1212	3.6881	3.0061	1.967	5.308	4.484	3.296	2.550	1.886	0.918	0.270	0.137	3.13158846	3
	0.008000	10.0043	0.96788472	0.9658	1.1706	3.6862	2.9491	1.844	5.217	4.378	3.182	2.431	1.763	0.788	0.135	0.001	3.13169980	3
	0.008000	10.0043	0.96825385	0.9661	1.2237	3.6840	2.8871	1.711	5.123	4.265	3.060	2.304	1.631	0.648	-0.012	-0.147	3.13180804	3
	0.008000	10.0043	0.96856654	0.9663	1.2733	3.6818	2.8291	1.587	5.035	4.160	2.947	2.185	1.508	0.517	-0.149	-0.286	3.13189960	3
	0.008000	10.0043	0.96885663	0.9665	1.3237	3.6795	2.7696	1.461	4.949	4.056	2.832	2.064	1.383	0.384	-0.290	-0.427	3.13198447	3
	0.008000	10.0043	0.96911216	0.9666	1.3721	3.6773	2.7122	1.340	4.869	3.956	2.723	1.949	1.263	0.256	-0.425	-0.563	3.13205910	3
	0.008000	10.0043	0.96934783	0.9667	1.4207	3.6749	2.6541	1.218	4.792	3.858	2.615	1.834	1.143	0.127	-0.562	-0.701	3.13212800	3
	0.008000	10.0043	0.96956456	0.9668	1.4689	3.6725	2.5963	1.098	4.715	3.760	2.507	1.720	1.024	-0.001	-0.697	-0.837	3.13219142	3
	0.008000	10.0043	0.96976143	0.9668	1.5155	3.6700	2.5400	0.981	4.642	3.667	2.403	1.609	0.909	-0.125	-0.829	-0.970	3.13224888	3
	0.008000	10.0043	0.96995562	0.9669	1.5629	3.6675	2.4826	0.863	4.577	3.576	2.300	1.498	0.792	-0.251	-0.963	-1.105	3.13230562	3
	0.008000	10.0043	0.97017390	0.9668	1.6092	3.6651	2.4265	0.747	4.523	3.491	2.199	1.389	0.678	-0.374	-1.093	-1.237	3.13236928	3
	0.008000	10.0043	0.97027546	0.9668	1.6187	3.6647	2.4153	0.723	4.510	3.472	2.178	1.367	0.654	-0.400	-1.120	-1.264	3.13239884	3
	0.008000	10.0043	0.97045428	0.9668	1.5844	3.6671	2.4594	0.809	4.536	3.528	2.248	1.445	0.738	-0.306	-1.019	-1.161	3.13245106	3
	0.008000	10.0043	0.97053128	0.9668	1.5567	3.6689	2.4944	0.878	4.561	3.576	2.307	1.510	0.807	-0.231	-0.938	-1.080	3.13247347	3
	0.008000	10.0043	0.97058868	0.9668	1.5745	3.6680	2.4727	0.834	4.541	3.543	2.268	1.468	0.763	-0.279	-0.989	-1.131	3.13249016	3
	0.008000	10.0043	0.97073698	0.9668	1.6216	3.6653	2.4150	0.716	4.489	3.458	2.166	1.357	0.646	-0.405	-1.123	-1.267	3.13253331	3
	0.008000	10.0043	0.97087914	0.9667	1.6682	3.6626	2.3577	0.600	4.439	3.374	2.066	1.248	0.531	-0.530	-1.256	-1.401	3.13257480	3
	0.008000	10.0043	0.97100794	0.9666	1.7132	3.6600	2.3020	0.487	4.392	3.294	1.969	1.143	0.420	-0.651	-1.385	-1.531	3.13261223	3
	0.008000	10.0043	0.97113127	0.9665	1.7597	3.6573	2.2446	0.371	4.348	3.213	1.871	1.036	0.306	-0.775	-1.518	-1.666	3.13264823	3
	0.008000	10.0043	0.97123998	0.9664	1.8040	3.6545	2.1891	0.260	4.309	3.139	1.780	0.934	0.198	-0.894	-1.646	-1.795	3.13267994	3
	0.008000	10.0043	0.97134292	0.9662	1.8495	3.6517	2.1324	0.146	4.269	3.061	1.685	0.830	0.087	-1.016	-1.777	-1.927	3.13270974	3
	0.008000	10.0043	0.97143424	0.9660	1.8932	3.6489	2.0775	0.037	4.234	2.989	1.595	0.730	-0.020	-1.134	-1.903	-2.054	3.13273644	3
	0.008000	10.0043	0.97151971	0.9658	1.9373	3.6461	2.0219	-0.073	4.202	2.919	1.507	0.631	-0.127	-1.251	-2.030	-2.183	3.13276124	3
	0.008000	10.0043	0.97159898	0.9656	1.9812	3.6432	1.9665	-0.183	4.179	2.851	1.419	0.531	-0.233	-1.369	-2.157	-2.311	3.13278437	3
	0.008000	10.0043	0.97167116	0.9653	2.0249	3.6404	1.9113	-0.292	4.162	2.785	1.333	0.433	-0.340	-1.486	-2.283	-2.439	3.13280535	3
	0.008000	10.0043	0.97173780	0.9649	2.0686	3.6374	1.8557	-0.401	4.149	2.722	1.248	0.336	-0.446	-1.604	-2.409	-2.567	3.13282466	3
	0.008000	10.0043	0.97179693	0.9646	2.1105	3.6345	1.8018	-0.506	4.142	2.664	1.169	0.244	-0.547	-1.717	-2.531	-2.691	3.13284183	3
	0.008000	10.0043	0.97185272	0.9642	2.1534	3.6316	1.7471	-0.613	4.132	2.604	1.087	0.149	-0.650	-1.831	-2.655	-2.817	3.13285804	3
	0.008000	10.0043	0.97190309	0.9637	2.1951	3.6286	1.6934	-0.718	4.125	2.547	1.009	0.059	-0.750	-1.943	-2.775	-2.940	3.13287282	3
	0.008000	10.0043	0.97195053	0.9632	2.2375	3.6257	1.6389	-0.824	4.120	2.491	0.931	-0.032	-0.851	-2.056	-2.898	-3.065	3.13288641	3
	0.008000	10.0043	0.97199410	0.9627	2.2795	3.6227	1.5847	-0.929	4.115	2.436	0.854	-0.122	-0.951	-2.168	-3.019	-3.188	3.13289928	3
	0.008000	10.0043	0.97203356	0.9621	2.3204	3.6197	1.5316	-1.031	4.113	2.384	0.780	-0.209	-1.047	-2.277	-3.138	-3.309	3.13291073	3
	0.008000	10.0043	0.97207111	0.9615	2.3623	3.6166	1.4771	-1.136	4.112	2.331	0.706	-0.296	-1.146	-2.388	-3.258	-3.433	3.13292146	3
	0.008000	10.0043	0.97210449	0.9608	2.4025	3.6136	1.4246	-1.236	4.118	2.282	0.637	-0.379	-1.241	-2.495	-3.374	-3.551	3.13293123	3
	0.008000	10.0043	0.97213602	0.9600	2.4434	3.6106	1.3713	-1.338	4.124	2.232	0.567	-0.463	-1.336	-2.604	-3.492	-3.672	3.13294053	3
	0.008000	10.0043	0.97216517	0.9592	2.4841	3.6075	1.3177	-1.440	4.133	2.185	0.500	-0.543	-1.431	-2.713	-3.610	-3.793	3.13294888	3
	0.008000	10.0043	0.97219145	0.9583	2.5236	3.6044	1.2655	-1.539	4.145	2.141	0.437	-0.618	-1.523	-2.818	-3.725	-3.911	3.13295650	3
	0.008000	10.0043	0.97221631	0.9574	2.5635	3.6013	1.2129	-1.639	4.156	2.097	0.373	-0.695	-1.615	-2.924	-3.841	-4.030	3.13296366	3
	0.008000	10.0043	0.97223902	0.9563	2.6027	3.5982	1.1607	-1.737	4.170	2.058	0.315	-0.767	-1.705	-3.028	-3.956	-4.148	3.13297033	3
	0.008000	10.0043	0.97225976	0.9552	2.6409	3.5951	1.1096	-1.832	4.187	2.022	0.261	-0.834	-1.792	-3.130	-4.067	-4.263	3.13297629	3
	0.008000	10.0043	0.97228003	0.9540	2.6808	3.5919	1.0564	-1.932	4.202	1.984	0.203	-0.906	-1.883	-3.236	-4.184	-4.383	3.13298225	3
	0.008000	10.0043	0.97230232	0.9524	2.7279	3.5880	0.9928	-2.050	4.227	1.945	0.142	-0.982	-1.989	-3.362	-4.322	-4.526	3.13298869	3
	0.008000	10.0043	0.97232252	0.9506	2.7738	3.5840	0.9301	-2.164	4.270	1.917	0.086	-1.054	-2.093	-3.485	-4.453	-4.664	3.13299465	3
	0.008000	10.0043	0.97233796	0.9490	2.8113	3.5807	0.8789	-2.258	4.306	1.894	0.038	-1.116	-2.178	-3.586	-4.559	-4.777	3.13299918	3
	0.008000	10.0043	0.97235262	0.9473	2.8490	3.5775	0.8273	-2.352	4.338	1.874	-0.004	-1.170	-2.262	-3.687	-4.665	-4.889	3.13300323	3
	0.008000	10.0043	0.97236848	0.9451	2.8925	3.5734	0.7666	-2.461	4.385	1.858	-0.045	-1.229	-2.358	-3.805	-4.788	-5.021	3.13300800	3
	0.008000	10.0043	0.97238338	0.9426	2.9363	3.5693	0.7053	-2.571	4.434	1.844	-0.087	-1.291	-2.455	-3.922	-4.912	-5.154	3.13301229	3
	0.008000	10.0043	0.97239715	0.9399	2.9796	3.5652	0.6443	-2.679	4.483	1.836	-0.114	-1.338	-2.549	-4.039	-5.035	-5.285	3.13301635	3
	0.008000	10.0043	0.97240990	0.9369	3.0221	3.5611	0.5839	-2.785	4.537	1.829	-0.143	-1.384	-2.642	-4.152	-5.155	-5.415	3.13301992	3
	0.008000	10.0043	0.97242165	0.9336	3.0637	3.5568	0.5237	-2.889	4.594	1.835	-0.149	-1.411	-2.730	-4.265	-5.273	-5.542	3.13302326	3
	0.008000	10.0043	0.97243243	0.9300	3.1043	3.5526	0.4645	-2.991	4.630	1.840	-0.146	-1.428	-2.815	-4.375	-5.390	-5.668	3.13302660	3
	0.008000	10.0043	0.97244257	0.9261	3.1447	3.5483	0.4052	-3.092	4.648	1.854	-0.126	-1.431	-2.895	-4.486	-5.508	-5.793	3.13302946	3
	0.008000	10.0043	0.97245187	0.9219	3.1841	3.5440	0.3466	-3.190	4.665	1.886	-0.080	-1.416	-2.967	-4.595	-5.623	-5.916	3.13303208	3
	0.008000	10.0043	0.97246057	0.9172	3.2226	3.5397	0.2885	-3.287	4.687	1.923	-0.028	-1.394	-3.037	-4.702	-5.737	-6.038	3.13303471	3
	0.008000	10.0043	0.97246861	0.9122	3.2602	3.5354	0.2313	-3.380	4.697	1.991	0.064	-1.352	-3.090	-4.807	-5.848	-6.157	3.13303709	3
	0.008000	10.0043	0.97247607	0.9068	3.2965	3.5310	0.1750	-3.471	4.714	2.061	0.158	-1.306	-3.141	-4.908	-5.955	-6.273	3.13303924	3
	0.008000	10.0043	0.97248346	0.9004	3.3344	3.5267	0.1166	-3.566	4.744	2.187	0.317	-1.239	-3.168	-5.016	-6.067	-6.393	3.13304138	3
	0.008000	10.0043	0.97249031	0.8936	3.3695	3.5225	0.0615	-3.654	4.785	2.330	0.496	-1.162	-3.182	-5.117	-6.172	-6.505	3.13304329	3
	0.008000	10.0043	0.97249460	0.8889	3.3902	3.5200	0.0287	-3.705	4.812	2.415	0.601	-1.116	-3.192	-5.176	-6.234	-6.571	3.13304448	4
	0.008000	10.0043	0.97249460	0.8888	1.7034	3.6848	2.3747	0.512	3.906	3.062	1.849	1.102	0.431	-0.550	-1.205	-1.338	3.13304448	4
	0.008000	10.0043	0.97257626	0.8887	1.7128	3.6841	2.3625	0.488	3.898	3.046	1.829	1.080	0.408	-0.576	-1.233	-1.367	3.13306832	4
	0.008000	10.0043	0.97265470	0.8887	1.7163	3.6839	2.3582	0.479	3.893	3.039	1.821	1.072	0.399	-0.586	-1.243	-1.377	3.13309097	4
	0.008000	10.0043	0.97273302	0.8886	1.7170	3.6841	2.3582	0.478	3.888	3.036	1.818	1.070	0.397	-0.587	-1.243	-1.377	3.13311362	4
	0.008000	10.0043	0.97281510	0.8886	1.7158	3.6845	2.3610	0.480	3.883	3.034	1.819	1.072	0.400	-0.583	-1.238	-1.372	3.13313746	4
	0.008000	10.0043	0.97289538	0.8886	1.7138	3.6851	2.3651	0.485	3.877	3.034	1.821	1.076	0.405	-0.576	-1.229	-1.363	3.13316083	4
	0.008000	10.0043	0.97297597	0.8885	1.7114	3.6856	2.3697	0.491	3.873	3.035	1.825	1.080	0.411	-0.568	-1.220	-1.353	3.13318419	4
	0.008000	10.0043	0.97305727	0.8885	1.7090	3.6861	2.3743	0.498	3.868	3.036	1.828	1.085	0.417	-0.560	-1.210	-1.343	3.13320780	4
	0.008000	10.0043	0.97313756	0.8884	1.7066	3.6867	2.3786	0.503	3.864	3.037	1.831	1.090	0.422	-0.552	-1.201	-1.334	3.13323116	4
	0.008000	10.0043	0.97322071	0.8884	1.7045	3.6872	2.3827	0.509	3.859	3.037	1.834	1.095	0.428	-0.545	-1.193	-1.325	3.13325524	4
	0.008000	10.0043	0.97329646	0.8884	1.7029	3.6876	2.3859	0.513	3.855	3.037	1.836	1.098	0.432	-0.540	-1.186	-1.319	3.13327718	4
	0.008000	10.0043	0.97337323	0.8883	1.7015	3.6880	2.3890	0.516	3.851	3.037	1.838	1.101	0.435	-0.535	-1.180	-1.312	3.13329935	4
	0.008000	10.0043	0.97345078	0.8883	1.7003	3.6883	2.3916	0.519	3.847	3.036	1.839	1.103	0.438	-0.531	-1.175	-1.307	3.13332176	4
	0.008000	10.0043	0.97353119	0.8883	1.6992	3.6887	2.3941	0.522	3.843	3.035	1.840	1.105	0.441	-0.527	-1.170	-1.302	3.13334513	4
	0.008000	10.0043	0.97361177	0.8882	1.6982	3.6890	2.3963	0.524	3.839	3.035	1.841	1.106	0.443	-0.524	-1.165	-1.297	3.13336849	4
	0.008000	10.0043	0.97369558	0.8882	1.6975	3.6893	2.3983	0.526	3.835	3.034	1.841	1.108	0.445	-0.521	-1.161	-1.293	3.13339281	4
	0.008000	10.0043	0.97377402	0.8882	1.6971	3.6895	2.3995	0.527	3.832	3.033	1.841	1.108	0.446	-0.519	-1.159	-1.291	3.13341546	4
	0.008000	10.0043	0.97385401	0.8881	1.6970	3.6897	2.4002	0.528	3.829	3.031	1.840	1.108	0.446	-0.518	-1.158	-1.289	3.13343859	4
	0.008000	10.0043	0.97393590	0.8881	1.6971	3.6898	2.4006	0.527	3.826	3.030	1.839	1.108	0.446	-0.518	-1.157	-1.289	3.13346219	4
	0.008000	10.0043	0.97402066	0.8881	1.6976	3.6899	2.4003	0.526	3.824	3.028	1.838	1.106	0.444	-0.519	-1.158	-1.290	3.13348675	4
	0.008000	10.0043	0.97410345	0.8880	1.6986	3.6899	2.3993	0.523	3.822	3.026	1.835	1.104	0.442	-0.522	-1.161	-1.292	3.13351083	4
	0.008000	10.0043	0.97418731	0.8880	1.7000	3.6898	2.3976	0.520	3.820	3.023	1.832	1.101	0.439	-0.525	-1.164	-1.296	3.13353515	4
	0.008000	10.0043	0.97420335	0.8880	1.7003	3.6898	2.3973	0.519	3.819	3.023	1.832	1.100	0.438	-0.526	-1.165	-1.297	3.13353968	4
	0.008000	10.0043	0.97426522	0.8880	1.7018	3.6897	2.3952	0.515	3.818	3.020	1.828	1.096	0.434	-0.530	-1.170	-1.302	3.13355756	4
	0.008000	10.0043	0.97434700	0.8879	1.7041	3.6895	2.3921	0.510	3.817	3.016	1.824	1.091	0.428	-0.537	-1.177	-1.309	3.13358116	4
	0.008000	10.0043	0.97442412	0.8879	1.7070	3.6892	2.3880	0.503	3.815	3.012	1.818	1.084	0.421	-0.545	-1.186	-1.318	3.13360357	4
	0.008000	10.0043	0.97449982	0.8879	1.7103	3.6888	2.3832	0.494	3.814	3.007	1.811	1.077	0.413	-0.555	-1.197	-1.329	3.13362551	4
	0.008000	10.0043	0.97457457	0.8878	1.7138	3.6884	2.3782	0.485	3.814	3.002	1.804	1.069	0.404	-0.565	-1.208	-1.340	3.13364697	4
	0.008000	10.0043	0.97465175	0.8878	1.7182	3.6879	2.3718	0.475	3.813	2.996	1.796	1.059	0.393	-0.577	-1.222	-1.354	3.13366938	4
	0.008000	10.0043	0.97472602	0.8878	1.7229	3.6874	2.3650	0.463	3.811	2.990	1.786	1.048	0.381	-0.591	-1.237	-1.370	3.13369083	4
	0.008000	10.0043	0.97480261	0.8877	1.7331	3.6863	2.3503	0.437	3.809	2.975	1.766	1.024	0.356	-0.620	-1.270	-1.403	3.13371301	4
	0.008000	10.0043	0.97487706	0.8877	1.7454	3.6850	2.3327	0.406	3.806	2.958	1.742	0.996	0.325	-0.656	-1.309	-1.442	3.13373446	4
	0.008000	10.0043	0.97495264	0.8876	1.7621	3.6832	2.3088	0.365	3.801	2.935	1.709	0.958	0.283	-0.703	-1.362	-1.496	3.13375616	4
	0.008000	10.0043	0.97502875	0.8875	1.7906	3.6803	2.2687	0.294	3.790	2.893	1.652	0.893	0.212	-0.785	-1.452	-1.587	3.13377833	4
	0.008000	10.0043	0.97507727	0.8875	1.8288	3.6764	2.2149	0.198	3.780	2.840	1.578	0.807	0.118	-0.893	-1.572	-1.709	3.13379216	4
	0.008000	10.0043	0.97509986	0.8874	1.8643	3.6728	2.1651	0.109	3.771	2.790	1.508	0.727	0.031	-0.994	-1.683	-1.822	3.13379884	4
	0.008000	10.0043	0.97511184	0.8874	1.9025	3.6690	2.1117	0.014	3.761	2.737	1.434	0.641	-0.063	-1.102	-1.802	-1.943	3.13380218	4
	0.008000	10.0043	0.97511780	0.8874	1.9432	3.6650	2.0550	-0.088	3.753	2.682	1.356	0.551	-0.162	-1.216	-1.929	-2.071	3.13380384	4
	0.008000	10.0043	0.97512096	0.8874	1.9832	3.6612	1.9998	-0.188	3.743	2.626	1.279	0.462	-0.260	-1.328	-2.052	-2.197	3.13380480	4
	0.008000	10.0043	0.97512281	0.8874	2.0210	3.6576	1.9476	-0.283	3.749	2.580	1.210	0.378	-0.352	-1.433	-2.169	-2.315	3.13380527	4
	0.008000	10.0043	0.97512370	0.8874	2.0444	3.6555	1.9157	-0.341	3.753	2.551	1.167	0.327	-0.408	-1.498	-2.240	-2.388	3.13380551	7
	0.008000	10.0043	0.97512376	0.8874	2.0450	3.6554	1.9148	-0.342	3.753	2.550	1.166	0.325	-0.410	-1.499	-2.242	-2.390	3.13380575	7
	0.008000	10.0043	0.97512430	0.8874	2.0615	3.6539	1.8921	-0.384	3.756	2.530	1.136	0.289	-0.450	-1.545	-2.293	-2.442	3.13380575	7
	0.008000	10.0043	0.97512549	0.8874	2.0997	3.6504	1.8400	-0.479	3.762	2.482	1.065	0.205	-0.543	-1.651	-2.410	-2.560	3.13380623	7
	0.008000	10.0043	0.97512662	0.8874	2.1399	3.6468	1.7854	-0.580	3.771	2.434	0.993	0.118	-0.639	-1.762	-2.532	-2.684	3.13380647	7
	0.008000	10.0043	0.97512782	0.8874	2.1779	3.6433	1.7335	-0.675	3.781	2.389	0.925	0.036	-0.730	-1.866	-2.647	-2.802	3.13380671	7
	0.008000	10.0043	0.97512907	0.8873	2.2146	3.6401	1.6838	-0.767	3.789	2.345	0.858	-0.043	-0.818	-1.967	-2.758	-2.915	3.13380718	7
	0.008000	10.0043	0.97513258	0.8873	2.2066	3.6409	1.6951	-0.747	3.784	2.353	0.872	-0.027	-0.799	-1.945	-2.733	-2.889	3.13380814	7
	0.008000	10.0043	0.97513455	0.8873	2.1701	3.6442	1.7447	-0.655	3.776	2.396	0.937	0.052	-0.712	-1.844	-2.623	-2.777	3.13380885	7
	0.008000	10.0043	0.97513938	0.8872	2.1343	3.6474	1.7935	-0.566	3.766	2.439	1.001	0.129	-0.626	-1.746	-2.514	-2.666	3.13381004	7
	0.008000	10.0043	0.97515529	0.8871	2.1201	3.6487	1.8125	-0.530	3.764	2.456	1.027	0.160	-0.592	-1.707	-2.471	-2.623	3.13381481	7
	0.008000	10.0043	0.97520071	0.8868	2.1412	3.6465	1.7827	-0.583	3.775	2.434	0.991	0.115	-0.642	-1.766	-2.537	-2.689	3.13382792	7
	0.008000	10.0043	0.97523338	0.8866	2.1810	3.6429	1.7283	-0.682	3.786	2.388	0.920	0.030	-0.738	-1.875	-2.657	-2.812	3.13383722	7
	0.008000	10.0043	0.97526443	0.8862	2.2228	3.6392	1.6714	-0.787	3.797	2.338	0.846	-0.060	-0.838	-1.990	-2.784	-2.941	3.13384628	7
	0.008000	10.0043	0.97529149	0.8859	2.2650	3.6354	1.6141	-0.892	3.811	2.291	0.773	-0.149	-0.938	-2.105	-2.911	-3.071	3.13385415	7
	0.008000	10.0043	0.97531474	0.8856	2.3072	3.6316	1.5565	-0.998	3.827	2.245	0.700	-0.238	-1.038	-2.220	-3.038	-3.201	3.13386083	7
	0.008000	10.0043	0.97533458	0.8853	2.3487	3.6279	1.5002	-1.102	3.841	2.199	0.630	-0.324	-1.135	-2.332	-3.162	-3.328	3.13386655	7
	0.008000	10.0043	0.97535211	0.8849	2.3902	3.6243	1.4439	-1.205	3.862	2.154	0.560	-0.410	-1.232	-2.444	-3.286	-3.454	3.13387156	7
	0.008000	10.0043	0.97536755	0.8846	2.4315	3.6206	1.3877	-1.309	3.883	2.110	0.492	-0.495	-1.328	-2.556	-3.409	-3.580	3.13387609	7
	0.008000	10.0043	0.97538131	0.8842	2.4725	3.6170	1.3321	-1.411	3.905	2.068	0.426	-0.577	-1.423	-2.666	-3.530	-3.704	3.13387990	7
	0.008000	10.0043	0.97539401	0.8838	2.5137	3.6133	1.2760	-1.514	3.929	2.026	0.361	-0.658	-1.519	-2.777	-3.652	-3.830	3.13388371	7
	0.008000	10.0043	0.97540581	0.8833	2.5548	3.6097	1.2199	-1.617	3.954	1.986	0.297	-0.739	-1.613	-2.887	-3.774	-3.956	3.13388705	7
	0.008000	10.0043	0.97541684	0.8828	2.5957	3.6060	1.1640	-1.719	3.981	1.950	0.238	-0.813	-1.707	-2.997	-3.896	-4.081	3.13389015	7
	0.008000	10.0043	0.97542733	0.8823	2.6371	3.6022	1.1075	-1.823	4.009	1.913	0.178	-0.889	-1.801	-3.108	-4.019	-4.208	3.13389325	7
	0.008000	10.0043	0.97543722	0.8817	2.6776	3.5986	1.0523	-1.924	4.035	1.878	0.121	-0.962	-1.893	-3.216	-4.140	-4.332	3.13389611	7
	0.008000	10.0043	0.97544688	0.8810	2.7198	3.5948	0.9941	-2.030	4.068	1.848	0.068	-1.033	-1.987	-3.330	-4.265	-4.462	3.13389897	7
	0.008000	10.0043	0.97545546	0.8802	2.7602	3.5910	0.9383	-2.131	4.119	1.827	0.016	-1.103	-2.078	-3.439	-4.383	-4.586	3.13390136	7
	0.008000	10.0043	0.97546345	0.8794	2.8028	3.5869	0.8791	-2.237	4.170	1.807	-0.034	-1.169	-2.174	-3.554	-4.506	-4.716	3.13390374	7
	0.008000	10.0043	0.97546953	0.8787	2.8470	3.5826	0.8174	-2.347	4.225	1.788	-0.085	-1.237	-2.272	-3.673	-4.633	-4.852	3.13390541	7
	0.008000	10.0043	0.97547376	0.8781	2.8896	3.5783	0.7574	-2.454	4.282	1.775	-0.127	-1.298	-2.366	-3.788	-4.756	-4.983	3.13390660	7
	0.008000	10.0043	0.97547728	0.8775	2.9306	3.5742	0.6992	-2.557	4.336	1.767	-0.162	-1.350	-2.456	-3.899	-4.874	-5.109	3.13390756	7
	0.008000	10.0043	0.97548050	0.8768	2.9716	3.5699	0.6407	-2.659	4.397	1.761	-0.197	-1.406	-2.545	-4.009	-4.992	-5.236	3.13390851	7
	0.008000	10.0043	0.97548348	0.8761	3.0131	3.5655	0.5815	-2.763	4.456	1.762	-0.216	-1.444	-2.634	-4.121	-5.111	-5.364	3.13390946	7
	0.008000	10.0043	0.97548646	0.8753	3.0566	3.5607	0.5181	-2.872	4.529	1.766	-0.234	-1.482	-2.728	-4.239	-5.236	-5.500	3.13391042	7
	0.008000	10.0043	0.97548920	0.8744	3.0950	3.5563	0.4620	-2.968	4.567	1.776	-0.226	-1.493	-2.807	-4.344	-5.348	-5.621	3.13391113	7
	0.008000	10.0043	0.97549200	0.8733	3.1301	3.5523	0.4104	-3.055	4.594	1.787	-0.211	-1.497	-2.879	-4.440	-5.452	-5.731	3.13391185	7
	0.008000	10.0043	0.97549504	0.8720	3.1590	3.5490	0.3673	-3.128	4.617	1.804	-0.190	-1.493	-2.936	-4.520	-5.537	-5.823	3.13391280	7
	0.008000	10.0043	0.97549576	0.8716	3.2105	3.5425	0.2899	-3.256	4.658	1.869	-0.102	-1.449	-3.026	-4.665	-5.692	-5.990	3.13391304	7
	0.008000	10.0043	0.97549611	0.8714	3.2476	3.5379	0.2342	-3.349	4.684	1.931	-0.018	-1.406	-3.084	-4.769	-5.804	-6.110	3.13391304	7
	0.008000	10.0043	0.97549677	0.8710	3.2860	3.5329	0.1754	-3.445	4.708	2.021	0.101	-1.342	-3.133	-4.877	-5.920	-6.235	3.13391328	7
	0.008000	10.0043	0.97549677	0.8710	3.2860	3.5329	0.1754	-3.445	4.708	2.021	0.102	-1.342	-3.133	-4.877	-5.920	-6.235	3.13391328	8
