# File generated by CMD 2.8 (http://stev.oapd.inaf.it/cmd) on Mon Oct 17 10:04:02 CEST 2016
# PARSEC isochrones, release v1.2S
# Basic references: Bressan et al. (2012), MNRAS, 427, 127 + Chen et al. (2014, 2015), MNRAS, 444, 2525 + MNRAS, 452, 1068 + Tang et al. (2014), MNRAS, 445, 4287
# Warning: you choose not to include the TP-AGB phase!
# Photometric system: <i>UBVRIJHK</i> (cf. Maiz-Apellaniz 2006 + Bessell 1990)
# Attention: photometry includes extinction of Av=1.0
# Using NBC version of bolometric corrections as in Chen et al. (2014), MNRAS, 444, 2525
# BCs of Carbon stars derive from Aringer et al. (2009, A&A 503, 913)
# O-rich circumstellar dust ignored
# C-rich circumstellar dust ignored
# IMF: Chabrier (2001) lognormal 
# On RGB, assumed Reimers mass loss with efficiency eta=0.2
# Kind of output: isochrone tables
#	Isochrone  Z = 0.00630	Y = 0.25968	[M/H] = -0.382	eta_R = 0.200	Age = 	1.0100e+10 yr
#	Includes interstellar extinction of Av = 1.0000 mag
#      Z	log(age/yr)	M_ini   	M_act	logL/Lo	logTe	logG	mbol    U       B       V       R       I       J       H       K	int_IMF	stage
	0.006300	10.0043	0.09000000	0.0900	-3.3480	3.3959	5.2761	13.140	25.221	21.793	19.533	16.652	14.067	11.269	10.692	10.378	1.46765435	1
	0.006300	10.0043	0.10000000	0.1000	-3.1417	3.4261	5.2360	12.624	22.963	20.118	17.959	15.551	13.243	10.846	10.231	9.888	1.57040203	1
	0.006300	10.0043	0.12000000	0.1200	-2.8779	3.4577	5.1780	11.965	20.757	18.370	16.333	14.348	12.308	10.275	9.628	9.275	1.74782515	1
	0.006300	10.0043	0.14000000	0.1400	-2.6926	3.4773	5.1381	11.501	19.447	17.306	15.328	13.570	11.713	9.866	9.204	8.854	1.89584959	1
	0.006300	10.0043	0.16000000	0.1600	-2.5496	3.4906	5.1063	11.144	18.557	16.569	14.626	13.001	11.282	9.548	8.878	8.534	2.02115250	1
	0.006300	10.0043	0.20000000	0.2000	-2.3279	3.5087	5.0538	10.590	17.397	15.580	13.692	12.208	10.652	9.043	8.365	8.031	2.22178221	1
	0.006300	10.0043	0.25000000	0.2500	-2.1157	3.5234	4.9973	10.059	16.449	14.745	12.900	11.507	10.076	8.553	7.867	7.543	2.40809011	1
	0.006300	10.0043	0.30000001	0.3000	-1.9509	3.5334	4.9517	9.647	15.804	14.155	12.348	11.003	9.641	8.166	7.474	7.158	2.54750419	1
	0.006300	10.0043	0.35847989	0.3585	-1.7814	3.5438	4.9010	9.224	15.167	13.564	11.793	10.491	9.197	7.770	7.070	6.762	2.67142200	1
	0.006300	10.0043	0.40847987	0.4085	-1.6282	3.5554	4.8511	8.840	14.572	13.009	11.271	10.013	8.796	7.419	6.709	6.410	2.75417614	1
	0.006300	10.0043	0.45847985	0.4585	-1.4606	3.5708	4.7951	8.422	13.907	12.387	10.682	9.472	8.360	7.046	6.322	6.036	2.82148767	1
	0.006300	10.0043	0.50847989	0.5084	-1.2796	3.5907	4.7388	7.969	13.169	11.692	10.043	8.897	7.894	6.650	5.908	5.645	2.87725377	1
	0.006300	10.0043	0.55847991	0.5584	-1.0821	3.6173	4.6881	7.475	12.330	10.893	9.348	8.284	7.393	6.221	5.452	5.236	2.92401767	1
	0.006300	10.0043	0.60847986	0.6084	-0.8904	3.6486	4.6590	6.996	11.341	10.011	8.629	7.678	6.906	5.819	5.070	4.900	2.96370292	1
	0.006300	10.0043	0.65421009	0.6541	-0.7160	3.6792	4.6385	6.560	10.233	9.194	7.971	7.148	6.464	5.477	4.808	4.661	2.99508142	1
	0.006300	10.0043	0.65847987	0.6584	-0.7002	3.6820	4.6365	6.520	10.137	9.126	7.914	7.102	6.424	5.447	4.786	4.641	2.99779797	1
	0.006300	10.0043	0.66772866	0.6676	-0.6661	3.6875	4.6305	6.435	9.942	8.986	7.797	7.005	6.338	5.380	4.737	4.593	3.00356722	1
	0.006300	10.0043	0.68762958	0.6875	-0.5931	3.6991	4.6167	6.253	9.532	8.694	7.552	6.802	6.158	5.237	4.630	4.492	3.01547003	1
	0.006300	10.0043	0.70604199	0.7059	-0.5259	3.7096	4.6032	6.085	9.170	8.437	7.336	6.621	5.995	5.109	4.530	4.397	3.02590299	1
	0.006300	10.0043	0.70847988	0.7083	-0.5171	3.7110	4.6013	6.063	9.124	8.404	7.308	6.597	5.973	5.092	4.517	4.384	3.02724481	1
	0.006300	10.0043	0.72144234	0.7212	-0.4694	3.7181	4.5899	5.944	8.883	8.231	7.161	6.471	5.859	5.000	4.445	4.315	3.03423214	1
	0.006300	10.0043	0.73464286	0.7344	-0.4208	3.7252	4.5775	5.822	8.647	8.059	7.016	6.344	5.743	4.907	4.371	4.243	3.04110217	1
	0.006300	10.0043	0.74735767	0.7471	-0.3738	3.7318	4.5646	5.704	8.426	7.897	6.877	6.223	5.633	4.816	4.297	4.173	3.04749680	1
	0.006300	10.0043	0.75847989	0.7582	-0.3325	3.7376	4.5525	5.601	8.238	7.756	6.757	6.118	5.537	4.737	4.232	4.110	3.05291986	1
	0.006300	10.0043	0.75928485	0.7590	-0.3295	3.7379	4.5515	5.594	8.225	7.746	6.748	6.110	5.530	4.731	4.227	4.105	3.05330634	1
	0.006300	10.0043	0.77262181	0.7723	-0.2797	3.7439	4.5331	5.469	8.017	7.585	6.609	5.985	5.414	4.632	4.142	4.023	3.05959654	1
	0.006300	10.0043	0.78508437	0.7848	-0.2327	3.7493	4.5147	5.352	7.827	7.436	6.479	5.868	5.304	4.538	4.060	3.943	3.06528711	1
	0.006300	10.0043	0.79700166	0.7966	-0.1873	3.7543	4.4957	5.238	7.655	7.296	6.356	5.755	5.199	4.446	3.980	3.865	3.07056689	1
	0.006300	10.0043	0.80839986	0.8080	-0.1433	3.7588	4.4760	5.128	7.492	7.162	6.238	5.646	5.096	4.356	3.900	3.787	3.07547021	1
	0.006300	10.0043	0.80847991	0.8081	-0.1430	3.7588	4.4758	5.128	7.491	7.161	6.237	5.646	5.096	4.355	3.900	3.786	3.07550406	1
	0.006300	10.0043	0.80931443	0.8089	-0.1398	3.7591	4.4742	5.119	7.480	7.151	6.229	5.638	5.088	4.348	3.894	3.780	3.07585740	1
	0.006300	10.0043	0.82222188	0.8218	-0.0884	3.7637	4.4479	4.991	7.303	6.999	6.093	5.511	4.969	4.240	3.795	3.683	3.08122921	1
	0.006300	10.0043	0.83436352	0.8339	-0.0385	3.7677	4.4205	4.866	7.136	6.853	5.962	5.388	4.852	4.133	3.697	3.587	3.08612680	1
	0.006300	10.0043	0.84541404	0.8449	0.0085	3.7712	4.3929	4.749	6.983	6.717	5.839	5.273	4.742	4.032	3.603	3.494	3.09045887	1
	0.006300	10.0043	0.85572678	0.8552	0.0538	3.7741	4.3647	4.636	6.841	6.588	5.722	5.162	4.637	3.934	3.511	3.403	3.09439850	1
	0.006300	10.0043	0.85847986	0.8579	0.0661	3.7748	4.3567	4.605	6.803	6.553	5.691	5.132	4.608	3.907	3.485	3.378	3.09543371	1
	0.006300	10.0043	0.86292291	0.8623	0.0861	3.7759	4.3433	4.555	6.742	6.497	5.639	5.083	4.561	3.863	3.443	3.336	3.09709024	1
	0.006300	10.0043	0.87375003	0.8731	0.1351	3.7781	4.3084	4.432	6.597	6.363	5.514	4.963	4.444	3.751	3.336	3.231	3.10105491	1
	0.006300	10.0043	0.88336873	0.8826	0.1800	3.7795	4.2739	4.320	6.470	6.242	5.399	4.852	4.336	3.646	3.234	3.130	3.10449338	1
	0.006300	10.0043	0.89132649	0.8905	0.2198	3.7805	4.2419	4.221	6.361	6.137	5.298	4.755	4.240	3.553	3.142	3.038	3.10728073	1
	0.006300	10.0043	0.89253539	0.8917	0.2260	3.7806	4.2367	4.205	6.344	6.120	5.283	4.739	4.225	3.538	3.127	3.024	3.10769963	1
	0.006300	10.0043	0.90208399	0.9012	0.2773	3.7807	4.1903	4.077	6.214	5.990	5.154	4.611	4.097	3.410	3.000	2.897	3.11096835	1
	0.006300	10.0043	0.90847987	0.9075	0.3137	3.7799	4.1539	3.986	6.129	5.901	5.064	4.520	4.005	3.316	2.904	2.800	3.11311865	1
	0.006300	10.0043	0.91503048	0.9140	0.3531	3.7784	4.1113	3.887	6.044	5.810	4.967	4.421	3.904	3.210	2.795	2.690	3.11528897	1
	0.006300	10.0043	0.91652989	0.9155	0.3624	3.7778	4.1003	3.864	6.025	5.789	4.944	4.397	3.879	3.184	2.768	2.663	3.11578131	2
	0.006300	10.0043	0.92269266	0.9216	0.4025	3.7737	4.0469	3.764	5.959	5.707	4.850	4.295	3.771	3.064	2.639	2.533	3.11778736	2
	0.006300	10.0043	0.92843848	0.9272	0.4389	3.7660	3.9823	3.673	5.934	5.653	4.770	4.200	3.665	2.938	2.497	2.387	3.11963344	2
	0.006300	10.0043	0.93218821	0.9309	0.4572	3.7558	3.9248	3.627	5.985	5.660	4.742	4.152	3.602	2.848	2.385	2.271	3.12082529	2
	0.006300	10.0043	0.93456721	0.9333	0.4633	3.7448	3.8759	3.612	6.086	5.706	4.749	4.138	3.570	2.786	2.296	2.179	3.12157655	2
	0.006300	10.0043	0.93661678	0.9353	0.4705	3.7323	3.8196	3.594	6.219	5.762	4.762	4.125	3.537	2.716	2.195	2.073	3.12222075	2
	0.006300	10.0043	0.93824524	0.9369	0.4922	3.7225	3.7596	3.539	6.293	5.771	4.737	4.078	3.474	2.623	2.075	1.951	3.12273026	2
	0.006300	10.0043	0.93958020	0.9382	0.5272	3.7162	3.7000	3.452	6.290	5.726	4.670	3.997	3.383	2.512	1.946	1.820	3.12314677	2
	0.006300	10.0043	0.94022995	0.9388	0.5495	3.7138	3.6681	3.396	6.268	5.687	4.623	3.944	3.326	2.447	1.874	1.747	3.12334895	3
	0.006300	10.0043	0.94078070	0.9393	0.5717	3.7121	3.6394	3.341	6.234	5.643	4.573	3.891	3.270	2.385	1.808	1.680	3.12352037	3
	0.006300	10.0043	0.94186336	0.9404	0.6205	3.7092	3.5796	3.219	6.147	5.539	4.461	3.773	3.147	2.252	1.667	1.539	3.12385631	3
	0.006300	10.0043	0.94285256	0.9413	0.6714	3.7071	3.5209	3.091	6.045	5.427	4.342	3.649	3.020	2.118	1.527	1.398	3.12416244	3
	0.006300	10.0043	0.94358468	0.9420	0.7131	3.7058	3.4741	2.987	5.959	5.332	4.243	3.547	2.915	2.009	1.413	1.284	3.12438869	3
	0.006300	10.0043	0.94428539	0.9427	0.7558	3.7045	3.4265	2.880	5.869	5.235	4.141	3.442	2.808	1.898	1.298	1.169	3.12460494	3
	0.006300	10.0043	0.94509906	0.9435	0.8096	3.7030	3.3670	2.746	5.755	5.112	4.012	3.311	2.674	1.758	1.153	1.024	3.12485576	3
	0.006300	10.0043	0.94571757	0.9440	0.8544	3.7017	3.3176	2.634	5.658	5.008	3.905	3.201	2.562	1.642	1.033	0.904	3.12504601	3
	0.006300	10.0043	0.94624346	0.9445	0.8957	3.7006	3.2718	2.531	5.569	4.913	3.806	3.100	2.458	1.534	0.923	0.793	3.12520742	3
	0.006300	10.0043	0.94686419	0.9451	0.9482	3.6990	3.2132	2.400	5.460	4.794	3.681	2.972	2.327	1.398	0.781	0.651	3.12539792	3
	0.006300	10.0043	0.94731688	0.9455	0.9897	3.6977	3.1666	2.296	5.376	4.702	3.583	2.870	2.223	1.289	0.668	0.538	3.12553668	3
	0.006300	10.0043	0.94772261	0.9458	1.0302	3.6963	3.1209	2.194	5.295	4.612	3.487	2.772	2.122	1.183	0.558	0.427	3.12566090	3
	0.006300	10.0043	0.94810557	0.9462	1.0710	3.6949	3.0747	2.092	5.215	4.523	3.391	2.672	2.020	1.076	0.446	0.315	3.12577796	3
	0.006300	10.0043	0.94855118	0.9465	1.1233	3.6930	3.0149	1.962	5.115	4.409	3.268	2.545	1.889	0.938	0.302	0.171	3.12591434	3
	0.006300	10.0043	0.94895208	0.9468	1.1757	3.6910	2.9546	1.831	5.018	4.297	3.146	2.418	1.758	0.799	0.158	0.025	3.12603664	3
	0.006300	10.0043	0.94930160	0.9471	1.2257	3.6890	2.8965	1.706	4.928	4.190	3.030	2.297	1.633	0.667	0.019	-0.114	3.12614322	3
	0.006300	10.0043	0.94961482	0.9473	1.2748	3.6869	2.8392	1.583	4.839	4.086	2.918	2.179	1.511	0.538	-0.117	-0.251	3.12623882	3
	0.006300	10.0043	0.94990516	0.9475	1.3247	3.6846	2.7804	1.458	4.751	3.981	2.803	2.059	1.386	0.406	-0.256	-0.391	3.12632728	3
	0.006300	10.0043	0.95017058	0.9476	1.3747	3.6823	2.7213	1.333	4.664	3.876	2.689	1.939	1.262	0.273	-0.395	-0.531	3.12640810	3
	0.006300	10.0043	0.95039713	0.9477	1.4212	3.6801	2.6660	1.217	4.583	3.779	2.583	1.828	1.146	0.150	-0.525	-0.662	3.12647700	3
	0.006300	10.0043	0.95061290	0.9478	1.4691	3.6778	2.6087	1.097	4.505	3.682	2.476	1.714	1.028	0.023	-0.660	-0.798	3.12654281	3
	0.006300	10.0043	0.95080721	0.9478	1.5154	3.6754	2.5530	0.982	4.431	3.588	2.373	1.604	0.913	-0.100	-0.791	-0.929	3.12660170	3
	0.006300	10.0043	0.95098805	0.9479	1.5611	3.6730	2.4977	0.867	4.359	3.497	2.271	1.497	0.800	-0.221	-0.920	-1.060	3.12665677	3
	0.006300	10.0043	0.95116007	0.9478	1.6050	3.6707	2.4445	0.757	4.302	3.414	2.173	1.392	0.691	-0.339	-1.045	-1.185	3.12670898	3
	0.006300	10.0043	0.95136833	0.9478	1.6478	3.6684	2.3925	0.650	4.248	3.333	2.079	1.291	0.585	-0.454	-1.166	-1.308	3.12677240	3
	0.006300	10.0043	0.95144349	0.9478	1.6567	3.6680	2.3819	0.628	4.236	3.316	2.060	1.270	0.562	-0.477	-1.191	-1.333	3.12679505	3
	0.006300	10.0043	0.95162380	0.9477	1.6181	3.6708	2.4316	0.725	4.269	3.381	2.140	1.359	0.658	-0.372	-1.077	-1.218	3.12684989	3
	0.006300	10.0043	0.95167649	0.9477	1.5994	3.6720	2.4555	0.772	4.288	3.414	2.180	1.403	0.704	-0.321	-1.022	-1.162	3.12686586	3
	0.006300	10.0043	0.95177656	0.9477	1.6332	3.6701	2.4140	0.687	4.246	3.350	2.105	1.323	0.620	-0.412	-1.119	-1.260	3.12689614	3
	0.006300	10.0043	0.95191258	0.9476	1.6799	3.6675	2.3567	0.570	4.192	3.265	2.004	1.213	0.504	-0.537	-1.252	-1.394	3.12693739	3
	0.006300	10.0043	0.95203990	0.9475	1.7257	3.6648	2.3001	0.456	4.141	3.182	1.906	1.106	0.391	-0.660	-1.384	-1.527	3.12697601	3
	0.006300	10.0043	0.95215744	0.9474	1.7710	3.6621	2.2439	0.342	4.091	3.101	1.808	0.999	0.279	-0.782	-1.514	-1.658	3.12701178	3
	0.006300	10.0043	0.95226455	0.9473	1.8156	3.6594	2.1884	0.231	4.044	3.022	1.714	0.896	0.169	-0.902	-1.642	-1.788	3.12704420	3
	0.006300	10.0043	0.95236444	0.9471	1.8606	3.6566	2.1322	0.119	4.002	2.945	1.620	0.792	0.059	-1.023	-1.772	-1.919	3.12707448	3
	0.006300	10.0043	0.95245445	0.9469	1.9044	3.6538	2.0772	0.009	3.961	2.870	1.528	0.691	-0.048	-1.141	-1.899	-2.047	3.12710166	3
	0.006300	10.0043	0.95253760	0.9466	1.9480	3.6510	2.0224	-0.100	3.922	2.797	1.438	0.591	-0.155	-1.258	-2.025	-2.175	3.12712693	3
	0.006300	10.0043	0.95261317	0.9464	1.9906	3.6483	1.9685	-0.206	3.895	2.729	1.352	0.494	-0.259	-1.372	-2.149	-2.299	3.12714982	3
	0.006300	10.0043	0.95268428	0.9461	2.0340	3.6454	1.9135	-0.315	3.876	2.663	1.265	0.396	-0.365	-1.489	-2.275	-2.427	3.12717128	3
	0.006300	10.0043	0.95274991	0.9457	2.0776	3.6425	1.8583	-0.424	3.856	2.597	1.178	0.297	-0.471	-1.607	-2.401	-2.554	3.12719107	3
	0.006300	10.0043	0.95280802	0.9454	2.1193	3.6397	1.8049	-0.528	3.842	2.536	1.097	0.203	-0.572	-1.719	-2.523	-2.678	3.12720871	3
	0.006300	10.0043	0.95286280	0.9449	2.1618	3.6367	1.7505	-0.635	3.831	2.475	1.015	0.109	-0.675	-1.833	-2.646	-2.803	3.12722540	3
	0.006300	10.0043	0.95291185	0.9445	2.2029	3.6339	1.6978	-0.737	3.822	2.418	0.937	0.019	-0.774	-1.943	-2.765	-2.924	3.12724018	3
	0.006300	10.0043	0.95295858	0.9440	2.2450	3.6309	1.6437	-0.842	3.813	2.359	0.857	-0.074	-0.875	-2.056	-2.887	-3.048	3.12725425	3
	0.006300	10.0043	0.95300066	0.9435	2.2857	3.6280	1.5910	-0.944	3.807	2.304	0.781	-0.163	-0.973	-2.165	-3.006	-3.168	3.12726712	3
	0.006300	10.0043	0.95303953	0.9429	2.3262	3.6250	1.5384	-1.046	3.805	2.252	0.708	-0.249	-1.069	-2.273	-3.123	-3.288	3.12727880	3
	0.006300	10.0043	0.95307642	0.9422	2.3677	3.6221	1.4848	-1.149	3.803	2.198	0.632	-0.339	-1.167	-2.384	-3.243	-3.410	3.12729001	3
	0.006300	10.0043	0.95310920	0.9415	2.4073	3.6191	1.4331	-1.248	3.812	2.149	0.561	-0.423	-1.261	-2.490	-3.359	-3.527	3.12730002	3
	0.006300	10.0043	0.95314050	0.9407	2.4481	3.6161	1.3797	-1.350	3.821	2.099	0.490	-0.508	-1.357	-2.598	-3.477	-3.648	3.12730932	3
	0.006300	10.0043	0.95316851	0.9399	2.4875	3.6131	1.3281	-1.449	3.832	2.052	0.422	-0.590	-1.449	-2.703	-3.592	-3.765	3.12731791	3
	0.006300	10.0043	0.95319450	0.9391	2.5265	3.6101	1.2767	-1.546	3.845	2.007	0.356	-0.670	-1.540	-2.807	-3.705	-3.881	3.12732577	3
	0.006300	10.0043	0.95321971	0.9381	2.5672	3.6070	1.2232	-1.648	3.860	1.963	0.290	-0.750	-1.634	-2.916	-3.824	-4.002	3.12733340	3
	0.006300	10.0043	0.95324713	0.9368	2.6147	3.6033	1.1601	-1.767	3.883	1.914	0.216	-0.842	-1.744	-3.042	-3.963	-4.144	3.12734175	3
	0.006300	10.0043	0.95326740	0.9357	2.6527	3.6003	1.1095	-1.862	3.902	1.875	0.157	-0.916	-1.832	-3.143	-4.075	-4.259	3.12734771	3
	0.006300	10.0043	0.95328730	0.9344	2.6924	3.5972	1.0568	-1.961	3.920	1.837	0.098	-0.988	-1.922	-3.249	-4.191	-4.378	3.12735367	3
	0.006300	10.0043	0.95330876	0.9327	2.7384	3.5933	0.9947	-2.076	3.952	1.800	0.035	-1.070	-2.026	-3.372	-4.326	-4.518	3.12736034	3
	0.006300	10.0043	0.95332885	0.9309	2.7847	3.5894	0.9320	-2.192	4.000	1.768	-0.030	-1.153	-2.131	-3.496	-4.459	-4.657	3.12736630	3
	0.006300	10.0043	0.95334429	0.9292	2.8227	3.5863	0.8808	-2.287	4.035	1.742	-0.080	-1.216	-2.217	-3.597	-4.567	-4.771	3.12737107	3
	0.006300	10.0043	0.95336139	0.9270	2.8676	3.5824	0.8192	-2.399	4.083	1.715	-0.139	-1.292	-2.319	-3.718	-4.695	-4.906	3.12737608	3
	0.006300	10.0043	0.95337695	0.9247	2.9116	3.5785	0.7585	-2.509	4.130	1.691	-0.193	-1.362	-2.417	-3.835	-4.820	-5.039	3.12738085	3
	0.006300	10.0043	0.95339155	0.9221	2.9557	3.5746	0.6973	-2.619	4.178	1.672	-0.240	-1.426	-2.514	-3.953	-4.945	-5.172	3.12738538	3
	0.006300	10.0043	0.95340490	0.9192	2.9987	3.5706	0.6370	-2.727	4.231	1.655	-0.287	-1.493	-2.609	-4.067	-5.067	-5.302	3.12738943	3
	0.006300	10.0043	0.95341724	0.9161	3.0410	3.5666	0.5773	-2.832	4.281	1.645	-0.321	-1.544	-2.701	-4.180	-5.187	-5.430	3.12739301	3
	0.006300	10.0043	0.95342869	0.9126	3.0826	3.5625	0.5178	-2.937	4.337	1.636	-0.352	-1.593	-2.793	-4.291	-5.305	-5.556	3.12739658	3
	0.006300	10.0043	0.95343935	0.9088	3.1237	3.5585	0.4586	-3.039	4.368	1.629	-0.372	-1.630	-2.882	-4.402	-5.422	-5.681	3.12739968	3
	0.006300	10.0043	0.95344895	0.9048	3.1631	3.5544	0.4012	-3.138	4.389	1.632	-0.370	-1.647	-2.964	-4.509	-5.536	-5.803	3.12740254	3
	0.006300	10.0043	0.95345789	0.9005	3.2015	3.5503	0.3443	-3.234	4.420	1.640	-0.364	-1.660	-3.044	-4.614	-5.648	-5.923	3.12740541	3
	0.006300	10.0043	0.95346630	0.8957	3.2398	3.5461	0.2869	-3.329	4.441	1.672	-0.323	-1.646	-3.115	-4.720	-5.761	-6.044	3.12740779	3
	0.006300	10.0043	0.95347428	0.8904	3.2777	3.5420	0.2297	-3.424	4.467	1.707	-0.277	-1.627	-3.185	-4.825	-5.874	-6.164	3.12741041	3
	0.006300	10.0043	0.95348173	0.8845	3.3148	3.5379	0.1734	-3.517	4.484	1.755	-0.213	-1.599	-3.247	-4.928	-5.984	-6.282	3.12741256	3
	0.006300	10.0043	0.95348877	0.8782	3.3505	3.5339	0.1186	-3.606	4.495	1.817	-0.130	-1.560	-3.300	-5.026	-6.089	-6.395	3.12741470	3
	0.006300	10.0043	0.95349562	0.8711	3.3840	3.5301	0.0664	-3.690	4.507	1.875	-0.053	-1.522	-3.350	-5.119	-6.188	-6.501	3.12741685	4
	0.006300	10.0043	0.95349562	0.8708	1.7113	3.6916	2.3852	0.492	3.666	2.956	1.798	1.078	0.418	-0.539	-1.178	-1.308	3.12741685	4
	0.006300	10.0043	0.95357364	0.8708	1.7218	3.6909	2.3717	0.466	3.654	2.937	1.775	1.053	0.391	-0.568	-1.209	-1.339	3.12744045	4
	0.006300	10.0043	0.95365667	0.8707	1.7256	3.6907	2.3670	0.456	3.649	2.930	1.766	1.044	0.382	-0.579	-1.220	-1.350	3.12746549	4
	0.006300	10.0043	0.95373201	0.8707	1.7264	3.6908	2.3669	0.454	3.644	2.926	1.763	1.041	0.380	-0.580	-1.220	-1.351	3.12748814	4
	0.006300	10.0043	0.95380849	0.8706	1.7255	3.6913	2.3694	0.456	3.640	2.925	1.764	1.043	0.382	-0.576	-1.216	-1.346	3.12751126	4
	0.006300	10.0043	0.95388442	0.8706	1.7237	3.6918	2.3731	0.461	3.635	2.925	1.766	1.047	0.386	-0.570	-1.208	-1.338	3.12753415	4
	0.006300	10.0043	0.95396209	0.8705	1.7216	3.6923	2.3775	0.466	3.631	2.925	1.769	1.051	0.392	-0.563	-1.199	-1.329	3.12755775	4
	0.006300	10.0043	0.95404118	0.8705	1.7193	3.6929	2.3820	0.472	3.627	2.926	1.772	1.056	0.398	-0.555	-1.189	-1.319	3.12758160	4
	0.006300	10.0043	0.95411772	0.8705	1.7172	3.6934	2.3862	0.477	3.623	2.927	1.776	1.060	0.403	-0.548	-1.181	-1.310	3.12760472	4
	0.006300	10.0043	0.95419937	0.8704	1.7153	3.6939	2.3901	0.482	3.619	2.927	1.778	1.064	0.408	-0.541	-1.173	-1.302	3.12762928	4
	0.006300	10.0043	0.95428097	0.8704	1.7137	3.6944	2.3937	0.486	3.615	2.927	1.780	1.067	0.412	-0.536	-1.165	-1.294	3.12765384	4
	0.006300	10.0043	0.95436400	0.8703	1.7123	3.6949	2.3969	0.489	3.610	2.926	1.782	1.070	0.416	-0.530	-1.159	-1.288	3.12767911	4
	0.006300	10.0043	0.95444506	0.8703	1.7112	3.6953	2.3996	0.492	3.606	2.925	1.783	1.072	0.419	-0.526	-1.154	-1.282	3.12770343	4
	0.006300	10.0043	0.95452338	0.8702	1.7102	3.6956	2.4019	0.494	3.603	2.925	1.784	1.074	0.421	-0.523	-1.149	-1.277	3.12772703	4
	0.006300	10.0043	0.95457798	0.8702	1.7097	3.6958	2.4033	0.496	3.600	2.924	1.784	1.075	0.422	-0.521	-1.146	-1.275	3.12774348	4
	0.006300	10.0043	0.95460349	0.8702	1.7095	3.6959	2.4039	0.496	3.599	2.924	1.784	1.075	0.423	-0.520	-1.145	-1.274	3.12775135	4
	0.006300	10.0043	0.95468563	0.8702	1.7090	3.6962	2.4054	0.497	3.596	2.922	1.784	1.076	0.424	-0.518	-1.142	-1.270	3.12777591	4
	0.006300	10.0043	0.95476478	0.8701	1.7088	3.6964	2.4065	0.498	3.593	2.921	1.784	1.076	0.425	-0.516	-1.140	-1.268	3.12779975	4
	0.006300	10.0043	0.95484346	0.8701	1.7089	3.6966	2.4070	0.498	3.590	2.919	1.783	1.076	0.425	-0.516	-1.139	-1.268	3.12782359	4
	0.006300	10.0043	0.95492649	0.8700	1.7094	3.6967	2.4069	0.497	3.587	2.918	1.781	1.075	0.424	-0.517	-1.140	-1.268	3.12784863	4
	0.006300	10.0043	0.95500535	0.8700	1.7101	3.6967	2.4063	0.495	3.585	2.915	1.779	1.073	0.422	-0.519	-1.141	-1.270	3.12787247	4
	0.006300	10.0043	0.95508146	0.8700	1.7112	3.6967	2.4050	0.492	3.583	2.913	1.777	1.070	0.419	-0.521	-1.144	-1.273	3.12789536	4
	0.006300	10.0043	0.95514458	0.8699	1.7124	3.6966	2.4035	0.489	3.581	2.911	1.774	1.067	0.416	-0.525	-1.148	-1.276	3.12791419	4
	0.006300	10.0043	0.95515907	0.8699	1.7128	3.6966	2.4030	0.488	3.581	2.910	1.773	1.066	0.415	-0.526	-1.149	-1.277	3.12791872	4
	0.006300	10.0043	0.95523578	0.8699	1.7148	3.6964	2.4002	0.483	3.579	2.907	1.769	1.061	0.410	-0.532	-1.155	-1.284	3.12794185	4
	0.006300	10.0043	0.95531434	0.8699	1.7175	3.6961	2.3963	0.476	3.578	2.903	1.763	1.055	0.403	-0.539	-1.164	-1.292	3.12796545	4
	0.006300	10.0043	0.95538926	0.8698	1.7208	3.6957	2.3916	0.468	3.576	2.898	1.757	1.047	0.395	-0.549	-1.175	-1.303	3.12798786	4
	0.006300	10.0043	0.95546633	0.8698	1.7247	3.6953	2.3858	0.458	3.574	2.892	1.749	1.038	0.385	-0.560	-1.187	-1.316	3.12801123	4
	0.006300	10.0043	0.95554382	0.8697	1.7291	3.6948	2.3793	0.447	3.573	2.886	1.740	1.028	0.373	-0.573	-1.202	-1.331	3.12803459	4
	0.006300	10.0043	0.95561916	0.8697	1.7341	3.6942	2.3720	0.435	3.570	2.879	1.730	1.016	0.361	-0.588	-1.218	-1.347	3.12805724	4
	0.006300	10.0043	0.95569462	0.8696	1.7399	3.6935	2.3636	0.420	3.568	2.870	1.718	1.003	0.346	-0.605	-1.237	-1.366	3.12807989	4
	0.006300	10.0043	0.95576918	0.8696	1.7468	3.6928	2.3536	0.403	3.564	2.860	1.704	0.987	0.328	-0.625	-1.259	-1.389	3.12810230	4
	0.006300	10.0043	0.95584363	0.8695	1.7552	3.6919	2.3415	0.382	3.560	2.847	1.687	0.967	0.307	-0.649	-1.286	-1.416	3.12812471	4
	0.006300	10.0043	0.95591837	0.8695	1.7531	3.6922	2.3448	0.387	3.560	2.850	1.691	0.972	0.312	-0.643	-1.279	-1.409	3.12814713	4
	0.006300	10.0043	0.95599622	0.8694	1.7733	3.6899	2.3153	0.337	3.551	2.820	1.650	0.925	0.261	-0.702	-1.344	-1.475	3.12817049	4
	0.006300	10.0043	0.95607299	0.8693	1.8063	3.6863	2.2680	0.254	3.538	2.773	1.584	0.850	0.179	-0.796	-1.450	-1.582	3.12819362	4
	0.006300	10.0043	0.95611602	0.8693	1.8440	3.6824	2.2146	0.160	3.521	2.717	1.508	0.764	0.085	-0.904	-1.569	-1.703	3.12820649	4
	0.006300	10.0043	0.95613772	0.8692	1.8827	3.6783	2.1598	0.063	3.505	2.661	1.432	0.676	-0.011	-1.014	-1.692	-1.827	3.12821317	4
	0.006300	10.0043	0.95614845	0.8692	1.9234	3.6742	2.1025	-0.039	3.491	2.604	1.352	0.584	-0.112	-1.130	-1.820	-1.957	3.12821627	4
	0.006300	10.0043	0.95615345	0.8692	1.9618	3.6704	2.0489	-0.134	3.476	2.549	1.276	0.497	-0.207	-1.238	-1.940	-2.079	3.12821794	4
	0.006300	10.0043	0.95615613	0.8692	1.9996	3.6667	1.9965	-0.229	3.463	2.496	1.203	0.412	-0.299	-1.344	-2.057	-2.197	3.12821865	4
	0.006300	10.0043	0.95615792	0.8692	2.0377	3.6631	1.9437	-0.324	3.462	2.446	1.131	0.327	-0.393	-1.451	-2.175	-2.317	3.12821913	4
	0.006300	10.0043	0.95615846	0.8692	2.0535	3.6615	1.9218	-0.364	3.462	2.426	1.101	0.291	-0.432	-1.496	-2.224	-2.367	3.12821937	7
	0.006300	10.0043	0.95615852	0.8692	2.0541	3.6615	1.9210	-0.365	3.462	2.425	1.100	0.290	-0.433	-1.498	-2.226	-2.369	3.12821937	7
	0.006300	10.0043	0.95615917	0.8692	2.0751	3.6595	1.8921	-0.418	3.460	2.397	1.059	0.242	-0.485	-1.556	-2.291	-2.435	3.12821960	7
	0.006300	10.0043	0.95616055	0.8691	2.1194	3.6554	1.8315	-0.529	3.464	2.341	0.977	0.145	-0.593	-1.679	-2.427	-2.573	3.12822008	7
	0.006300	10.0043	0.95616192	0.8691	2.1595	3.6518	1.7770	-0.629	3.465	2.289	0.902	0.056	-0.690	-1.790	-2.549	-2.697	3.12822032	7
	0.006300	10.0043	0.95616490	0.8691	2.1695	3.6511	1.7638	-0.654	3.463	2.274	0.882	0.033	-0.715	-1.817	-2.579	-2.728	3.12822127	7
	0.006300	10.0043	0.95616877	0.8691	2.1322	3.6544	1.8146	-0.560	3.461	2.322	0.952	0.116	-0.624	-1.714	-2.465	-2.612	3.12822247	7
	0.006300	10.0043	0.95620239	0.8688	2.1143	3.6560	1.8387	-0.516	3.461	2.346	0.986	0.156	-0.580	-1.665	-2.410	-2.556	3.12823248	7
	0.006300	10.0043	0.95623839	0.8686	2.1541	3.6523	1.7839	-0.615	3.466	2.296	0.912	0.068	-0.677	-1.775	-2.533	-2.681	3.12824345	7
	0.006300	10.0043	0.95626432	0.8684	2.1983	3.6481	1.7229	-0.726	3.475	2.243	0.832	-0.028	-0.784	-1.898	-2.669	-2.819	3.12825108	7
	0.006300	10.0043	0.95628285	0.8682	2.2328	3.6450	1.6757	-0.812	3.483	2.202	0.770	-0.103	-0.867	-1.993	-2.774	-2.926	3.12825680	7
	0.006300	10.0043	0.95630491	0.8679	2.2718	3.6414	1.6224	-0.910	3.491	2.156	0.700	-0.188	-0.960	-2.100	-2.893	-3.047	3.12826324	7
	0.006300	10.0043	0.95632529	0.8676	2.3121	3.6378	1.5675	-1.010	3.502	2.109	0.628	-0.274	-1.056	-2.210	-3.015	-3.171	3.12826943	7
	0.006300	10.0043	0.95634371	0.8673	2.3524	3.6342	1.5124	-1.111	3.516	2.065	0.559	-0.359	-1.152	-2.320	-3.137	-3.295	3.12827492	7
	0.006300	10.0043	0.95636040	0.8670	2.3932	3.6306	1.4570	-1.213	3.536	2.018	0.488	-0.446	-1.248	-2.431	-3.260	-3.420	3.12827992	7
	0.006300	10.0043	0.95637536	0.8666	2.4342	3.6269	1.4013	-1.315	3.561	1.975	0.419	-0.531	-1.344	-2.542	-3.382	-3.545	3.12828445	7
	0.006300	10.0043	0.95638877	0.8662	2.4751	3.6233	1.3457	-1.418	3.587	1.932	0.351	-0.616	-1.440	-2.653	-3.505	-3.670	3.12828851	7
	0.006300	10.0043	0.95640093	0.8658	2.5159	3.6196	1.2899	-1.520	3.614	1.890	0.285	-0.700	-1.535	-2.764	-3.627	-3.795	3.12829208	7
	0.006300	10.0043	0.95641202	0.8654	2.5566	3.6159	1.2343	-1.622	3.643	1.852	0.221	-0.781	-1.629	-2.873	-3.749	-3.919	3.12829542	7
	0.006300	10.0043	0.95642245	0.8649	2.5974	3.6123	1.1787	-1.723	3.672	1.813	0.157	-0.862	-1.723	-2.983	-3.871	-4.044	3.12829876	7
	0.006300	10.0043	0.95643222	0.8644	2.6378	3.6086	1.1234	-1.825	3.704	1.777	0.096	-0.940	-1.815	-3.092	-3.992	-4.168	3.12830162	7
	0.006300	10.0043	0.95644170	0.8638	2.6782	3.6050	1.0681	-1.926	3.737	1.743	0.038	-1.015	-1.907	-3.200	-4.113	-4.292	3.12830448	7
	0.006300	10.0043	0.95645094	0.8631	2.7195	3.6013	1.0117	-2.029	3.771	1.708	-0.021	-1.092	-2.001	-3.311	-4.236	-4.419	3.12830710	7
	0.006300	10.0043	0.95645940	0.8624	2.7601	3.5976	0.9560	-2.130	3.818	1.683	-0.076	-1.165	-2.093	-3.420	-4.355	-4.544	3.12830973	7
	0.006300	10.0043	0.95646757	0.8615	2.8016	3.5937	0.8987	-2.234	3.872	1.660	-0.130	-1.237	-2.186	-3.532	-4.476	-4.671	3.12831211	7
	0.006300	10.0043	0.95647436	0.8607	2.8443	3.5897	0.8394	-2.341	3.930	1.639	-0.185	-1.312	-2.281	-3.647	-4.601	-4.803	3.12831426	7
	0.006300	10.0043	0.95647901	0.8600	2.8856	3.5857	0.7818	-2.444	3.986	1.622	-0.233	-1.377	-2.373	-3.758	-4.721	-4.930	3.12831569	7
	0.006300	10.0043	0.95648253	0.8595	2.9251	3.5818	0.7265	-2.543	4.042	1.606	-0.280	-1.441	-2.460	-3.863	-4.835	-5.051	3.12831664	7
	0.006300	10.0043	0.95648581	0.8588	2.9659	3.5778	0.6692	-2.645	4.099	1.593	-0.323	-1.502	-2.549	-3.973	-4.952	-5.176	3.12831759	7
	0.006300	10.0043	0.95648885	0.8581	3.0067	3.5736	0.6112	-2.747	4.159	1.585	-0.360	-1.557	-2.638	-4.082	-5.070	-5.302	3.12831855	7
	0.006300	10.0043	0.95649135	0.8574	3.0437	3.5697	0.5584	-2.839	4.218	1.579	-0.395	-1.610	-2.718	-4.181	-5.177	-5.417	3.12831926	7
	0.006300	10.0043	0.95649415	0.8566	3.0849	3.5653	0.4991	-2.942	4.282	1.579	-0.417	-1.650	-2.807	-4.291	-5.296	-5.544	3.12832022	7
	0.006300	10.0043	0.95649695	0.8555	3.1238	3.5610	0.4426	-3.039	4.313	1.574	-0.435	-1.685	-2.892	-4.397	-5.408	-5.665	3.12832093	7
	0.006300	10.0043	0.95649922	0.8546	3.1433	3.5589	0.4141	-3.088	4.327	1.575	-0.438	-1.697	-2.933	-4.450	-5.465	-5.725	3.12832165	7
	0.006300	10.0043	0.95649934	0.8545	3.1240	3.5611	0.4421	-3.040	4.311	1.573	-0.436	-1.686	-2.892	-4.397	-5.409	-5.665	3.12832165	7
	0.006300	10.0043	0.95649934	0.8545	3.1066	3.5630	0.4671	-2.996	4.298	1.576	-0.428	-1.670	-2.855	-4.350	-5.358	-5.611	3.12832165	7
	0.006300	10.0043	0.95649946	0.8545	3.1076	3.5629	0.4655	-2.999	4.299	1.576	-0.428	-1.671	-2.857	-4.353	-5.361	-5.614	3.12832189	7
	0.006300	10.0043	0.95649958	0.8544	3.1255	3.5609	0.4397	-3.044	4.313	1.573	-0.437	-1.687	-2.896	-4.401	-5.413	-5.670	3.12832189	7
	0.006300	10.0043	0.95649970	0.8544	3.1430	3.5589	0.4145	-3.087	4.327	1.575	-0.438	-1.697	-2.932	-4.449	-5.464	-5.724	3.12832189	7
	0.006300	10.0043	0.95649981	0.8543	3.1607	3.5569	0.3886	-3.132	4.341	1.581	-0.432	-1.700	-2.969	-4.498	-5.516	-5.780	3.12832189	7
	0.006300	10.0043	0.95649999	0.8543	3.1785	3.5548	0.3625	-3.176	4.359	1.589	-0.424	-1.702	-3.005	-4.547	-5.569	-5.837	3.12832189	7
	0.006300	10.0043	0.95650017	0.8542	3.1964	3.5527	0.3358	-3.221	4.379	1.599	-0.414	-1.702	-3.041	-4.596	-5.623	-5.894	3.12832212	7
	0.006300	10.0043	0.95650047	0.8540	3.2154	3.5504	0.3076	-3.268	4.402	1.610	-0.403	-1.701	-3.079	-4.648	-5.680	-5.956	3.12832212	7
	0.006300	10.0043	0.95650083	0.8538	3.2535	3.5457	0.2507	-3.364	4.436	1.656	-0.345	-1.673	-3.147	-4.755	-5.795	-6.080	3.12832212	7
	0.006300	10.0043	0.95650125	0.8534	3.2962	3.5403	0.1862	-3.471	4.483	1.715	-0.270	-1.630	-3.223	-4.875	-5.926	-6.221	3.12832236	7
	0.006300	10.0043	0.95650196	0.8528	3.3433	3.5343	0.1149	-3.588	4.508	1.820	-0.132	-1.557	-3.286	-5.007	-6.068	-6.374	3.12832260	7
	0.006300	10.0043	0.95650238	0.8524	3.3578	3.5324	0.0923	-3.625	4.518	1.856	-0.085	-1.530	-3.305	-5.048	-6.113	-6.422	3.12832260	7
	0.006300	10.0043	0.95650238	0.8524	3.3578	3.5324	0.0922	-3.625	4.518	1.856	-0.084	-1.530	-3.305	-5.048	-6.113	-6.422	3.12832260	8
