UGC12894        00 00 22.5  +39 29 44   8.20  16.60  10   0.11  99.99 99.99  99.99 99.99
WLM             00 01 58.1  -15 27 39   0.92  11.03  10   0.04  12.48  0.05  12.35  0.03
ESO409-IG015    00 05 31.8  -28 05 53  10.40  15.10   6   0.02  15.94  0.05  15.82  0.04
ESO349-G031     00 08 13.3  -34 34 42   3.21  15.60  10   0.01  17.05  0.05  16.91  0.04
NGC24           00 09 56.7  -24 57 44   8.10  12.20   5   0.02  14.04  0.05  13.77  0.03
NGC45           00 14 04.0  -23 10 55   7.10  11.32   8   0.02  12.55  0.05  12.36  0.03
NGC55           00 14 54.0  -39 11 49   2.10   8.42   9   0.01  10.17  0.05   9.87  0.03
NGC59           00 15 25.4  -21 26 42   5.30  13.10  -3   0.02  16.06  0.06  15.31  0.03
MCG-04-02-003   00 19 11.4  -22 40 06   9.80  15.60   9   0.02  17.46  0.05  17.18  0.03
IC10            00 20 23.1  +59 17 35   0.66  11.80  10   1.56  99.99 99.99  99.99 99.99
ESO473-G024     00 31 22.5  -22 45 57   8.00  16.04  10   0.02  16.75  0.06  16.71  0.07
AndIV           00 42 30.1  +40 34 33   6.11  16.60  10   0.09  17.65  0.06  17.15  0.04
NGC224          00 42 44.3  +41 16 09   0.79   4.36   3   0.68  99.99 99.99  99.99 99.99
IC1574          00 43 03.8  -22 14 49   4.92  14.50  10   0.02  16.56  0.05  16.07  0.03
NGC247          00 47 08.3  -20 45 38   3.52   9.67   7   0.02  11.37  0.05  11.15  0.03
NGC253          00 47 33.1  -25 17 18   3.44   8.04   5   0.02  11.16  0.05  10.63  0.03
UGCA15          00 49 49.2  -21 00 54   3.31  15.40  10   0.02  16.81  0.05  16.64  0.03
SMC             00 52 44.8  -72 49 43   0.06   2.70   9   0.04  99.99 99.99  99.99 99.99
NGC300          00 54 53.5  -37 41 00   2.00   8.72   7   0.01  10.21  0.05  10.08  0.04
LGS3            01 03 55.0  +21 53 06   0.62  16.18  99   0.04  19.16  0.11  18.36  0.05
UGC668          01 04 47.8  +02 07 04   0.65   9.88  10   0.02  11.42  0.05  11.31  0.06
UGC685          01 07 22.4  +16 41 02   4.70  14.20   9   0.06  16.04  0.05  15.66  0.03
UGC695          01 07 46.4  +01 03 49  10.20  15.30   6   0.03  16.61  0.05  16.24  0.04
UGC891          01 21 18.9  +12 24 43  10.80  14.72   9   0.03  16.31  0.05  16.08  0.03
UGC1056         01 28 47.3  +16 41 19  10.30  14.90  10   0.07  16.63  0.05  16.25  0.03
UGC1104         01 32 42.5  +18 19 02   7.50  14.41   9   0.06  15.60  0.05  15.41  0.03
NGC598          01 33 50.9  +30 39 37   0.84   6.27   6   0.04   8.00  0.05   7.71  0.03
NGC625          01 35 04.2  -41 26 15   4.07  11.70   9   0.02  13.72  0.05  13.34  0.03
NGC628          01 36 41.7  +15 46 59   7.30   9.95   5   0.07  11.62  0.05  11.34  0.04
UGC1176         01 40 09.9  +15 54 17   9.00  14.40  10   0.06  15.43  0.09  15.26  0.10
UGCA20          01 43 14.7  +19 58 32   9.00  15.78  10   0.06  16.33  0.09  16.24  0.09
ESO245-G005     01 45 03.7  -43 35 53   4.43  12.70  10   0.02  13.62  0.05  13.55  0.04
UGC1249         01 47 30.6  +27 19 52   7.20  12.10   9   0.08  13.44  0.05  13.27  0.03
NGC672          01 47 54.3  +27 25 59   7.20  11.47   6   0.08  13.19  0.05  12.84  0.03
UGC1281         01 49 31.4  +32 35 19   5.13  13.61   8   0.05  15.04  0.09  14.73  0.07
ESO245-G007     01 51 06.3  -44 26 41   0.44  13.30  10   0.02  16.18  0.20  15.34  0.05
NGC784          02 01 17.0  +28 50 15   5.19  12.23   8   0.06  13.93  0.05  13.49  0.03
UGC1561         02 04 05.1  +24 12 30  10.50  16.20  10   0.08  16.34  0.09  16.07  0.04
NGC855          02 14 03.6  +27 52 38   9.70  13.30  -4   0.07  15.91  0.08  15.25  0.04
UGC1807         02 21 13.4  +42 45 46   9.20  16.50  10   0.08  16.14  0.13  15.85  0.08
NGC891          02 22 33.4  +42 20 57   9.20  10.80   3   0.06  14.61  0.19  13.80  0.06
UGC1865         02 25 00.2  +36 02 16   9.20  14.40   9   0.07  16.08  0.08  15.69  0.05
NGC925          02 27 16.9  +33 34 45   9.16  10.70   7   0.08  12.09  0.05  11.88  0.03
UGC1924         02 27 49.8  +31 43 36  10.40  15.23   6   0.08  16.96  0.09  16.62  0.05
NGC949          02 30 48.6  +37 08 14   9.20  12.40   4   0.06  14.98  0.08  14.38  0.04
NGC959          02 32 24.0  +35 29 42   9.20  12.90   8   0.07  14.70  0.06  14.29  0.03
UGC2014         02 32 54.0  +38 40 50   9.20  15.70  10   0.05  17.94  0.11  17.85  0.08
UGC2023         02 33 18.2  +33 29 28   9.20  13.90  10   0.09  15.14  0.11  14.94  0.06
UGC2034         02 33 42.9  +40 31 41   9.20  13.70  10   0.06  99.99 99.99  99.99 99.99
ESO115-G021     02 37 48.1  -61 20 18   4.99  13.34   8   0.03  14.63  0.05  14.36  0.04
NGC1003         02 39 16.6  +40 52 21   9.20  12.00   6   0.07  13.68  0.05  13.05  0.07
Maffei2         02 41 54.9  +59 36 15   3.30  14.80   4   2.42  99.99 99.99  99.99 99.99
NGC1058         02 43 29.9  +37 20 27   9.20  11.80   5   0.06  13.69  0.05  13.24  0.03
UGC2259         02 47 55.4  +37 32 18   9.20  15.20   8   0.07  99.99 99.99  99.99 99.99
ESO154-G023     02 56 50.4  -54 34 17   5.76  12.69   8   0.02  13.78  0.05  13.52  0.04
NGC1156         02 59 42.6  +25 14 17   7.80  12.75  10   0.22  12.58  0.09  12.38  0.05
ESO300-G014     03 09 37.8  -41 01 50  11.00  13.00   9   0.02  14.88  0.06  14.65  0.03
ESO300-G016     03 10 10.5  -40 00 11   7.80  15.60  10   0.02  99.99 99.99  17.06  0.04
NGC1291         03 17 18.3  -41 06 28   9.40   9.39   0   0.01  14.23  0.10  13.39  0.05
NGC1313         03 18 15.8  -66 29 53   4.15   9.20   7   0.11  10.59  0.08  10.43  0.04
NGC1311         03 20 07.4  -52 11 07   5.45  13.18   9   0.02  14.84  0.05  14.41  0.03
UGC2684         03 20 23.7  +17 17 45   6.50  16.30  10   0.14  16.45  0.19  16.66  0.07
UGC2689         03 21 27.7  +40 48 06   5.90  14.95  -2   0.15  99.99 99.99  99.99 99.99
UGC2716         03 24 07.2  +17 45 12   6.20  14.64   8   0.14  15.92  0.06  15.43  0.06
IC1959          03 33 11.8  -50 24 38   6.06  13.26   9   0.01  14.37  0.05  14.24  0.03
UGC2847         03 46 48.9  +68 05 46   3.03   9.37   6   0.56   8.48  0.13   8.31  0.27
IC2000          03 49 07.3  -48 51 31  10.70  13.00   6   0.01  15.22  0.06  14.72  0.03
ESO302-G014     03 51 40.9  -38 27 08   9.60  16.00  10   0.01  15.75  0.06  15.77  0.05
NGC1487         03 55 46.1  -42 22 05   9.10  12.34   7   0.01  13.41  0.05  13.23  0.03
ESO249-G036     03 59 15.6  -45 52 21   9.60  15.80  10   0.01  16.13  0.06  16.04  0.03
UGCA86          03 59 50.1  +67 08 37   2.96  13.50  10   0.94  14.30 99.99  14.39 99.99
NGC1510         04 03 32.6  -43 24 00   9.80  13.50  -2   0.01  15.09  0.05  14.87  0.03
NGC1512         04 03 54.3  -43 20 57   9.60  11.13   1   0.01  13.36  0.05  13.12  0.07
NGC1522         04 06 07.7  -52 40 09   9.30  13.90  11   0.01  15.15  0.05  15.02  0.03
NGC1518         04 06 49.6  -21 10 29  10.80  12.30   8   0.05  13.42  0.05  13.17  0.03
ESO483-G013     04 12 41.3  -23 09 36  10.40  14.20  -3   0.05  15.75  0.05  15.41  0.03
NGC1556         04 17 44.5  -50 09 52  10.50  13.50   2   0.02  14.83  0.05  14.62  0.03
UGCA90          04 21 13.5  -21 50 44  10.40  12.70   7   0.02  14.12  0.06  13.94  0.05
NGC1592         04 29 40.8  -27 24 31  10.60  14.60  10   0.04  14.06  0.05  14.10  0.03
NGC1569         04 30 49.0  +64 50 53   3.36  11.86  10   0.69   9.65  0.05   9.02  0.04
UGCA92          04 32 04.9  +63 36 49   1.80  15.22  10   0.78  15.69 99.99  15.88 99.99
NGC1560         04 32 47.7  +71 52 46   3.45  12.20   7   0.19  13.30  0.05  12.89  0.03
ESO158-G003     04 46 16.7  -57 20 35  10.00  14.01   9   0.01  15.47  0.05  15.20  0.03
UGC3174         04 48 34.5  +00 14 30   8.10  15.02  10   0.09  16.12  0.18  15.76  0.05
ESO119-G016     04 51 29.2  -61 39 03   9.80  14.80  10   0.02  16.05  0.05  15.77  0.03
NGC1705         04 54 13.7  -53 21 41   5.10  12.80  11   0.01  13.33  0.05  13.41  0.03
ESO252-IG001    04 56 58.7  -42 48 14   6.00  14.40  99   0.01  99.99 99.99  99.99 99.99
NGC1744         04 59 57.6  -26 01 19   7.70  11.60   6   0.04  13.01  0.05  12.83  0.03
NGC1796         05 02 42.8  -61 08 23  10.30  12.90   5   0.02  14.94  0.05  14.43  0.03
ESO486-G021     05 03 19.7  -25 25 23   8.90  14.50   2   0.03  15.28  0.05  15.07  0.03
MCG-05-13-004   05 06 24.1  -31 57 11   6.60  13.20   9   0.01  99.99 99.99  99.99 99.99
NGC1800         05 06 25.4  -31 57 15   8.20  13.07   9   0.01  14.59  0.05  14.43  0.03
NGC1808         05 07 42.3  -37 30 46  10.60  10.76   1   0.03  14.20  0.10  13.51  0.06
ESO305-G009     05 08 07.6  -38 18 33  10.90  13.00   8   0.03  14.31  0.07  14.15  0.04
UGCA103         05 10 47.0  -31 35 50  10.40  13.10   9   0.01  99.99 99.99  99.99 99.99
UGCA106         05 11 59.3  -32 58 21   9.80  13.10   9   0.02  13.98  0.05  13.83  0.09
UGCA105         05 14 15.0  +62 34 31   3.15  14.50  10   0.31  12.55  0.06  12.20  0.35
LMC             05 23 34.5  -69 45 22   0.05   0.91   9   0.07  99.99 99.99  99.99 99.99
UGC3303         05 24 59.5  +04 30 18   7.20  13.95  10   0.13  99.99 99.99  99.99 99.99
ESO553-G046     05 27 05.7  -20 40 41   5.00  14.50   1   0.05  15.11  0.05  15.00  0.05
ESO306-G013     05 38 58.3  -41 44 14  10.80  14.20   3   0.04  99.99 99.99  99.99 99.99
UGCA114         05 50 54.3  -14 46 45   9.80  12.97   7   0.16  13.75  0.07  13.40  0.08
UGCA116         05 55 42.6  +03 23 30   9.10  15.50  11   0.82  12.72  0.10  12.17  0.05
KKH34           05 59 41.2  +73 25 39   4.61  17.10  10   0.24  20.06 99.99  20.32 99.99
AM 0603-330     06 05 45.2  -33 04 51   7.40  14.00  10   0.05  99.99 99.99  99.99 99.99
AM0605-341      06 07 19.3  -34 12 17   7.00  15.50  10   0.04  99.99 99.99  99.99 99.99
NGC2188         06 10 09.5  -34 06 22   6.80  12.10   9   0.03  99.99 99.99  99.99 99.99
UGCA120         06 11 16.3  -21 35 57   8.70  14.10  10   0.08  99.99 99.99  99.99 99.99
UGCA127         06 20 55.5  -08 29 42   7.50  14.16   6   0.83  99.99 99.99  99.99 99.99
UGC3475         06 30 28.8  +39 30 14   7.00  15.00   9   0.18  99.99 99.99  99.99 99.99
ESO255-G019     06 45 48.2  -47 31 52  10.40  14.00   9   0.08  99.99 99.99  99.99 99.99
KKH37           06 47 45.8  +80 07 26   3.26  16.40  10   0.07  18.32  0.07  17.81  0.04
ESO207-G007     06 50 39.9  -52 08 25  10.70  14.20   9   0.08  15.31  0.11  15.10  0.08
UGC3600         06 55 40.0  +39 05 43   7.30  16.19  10   0.09  17.44  0.09  17.07  0.05
AM0704-582      07 05 18.8  -58 31 13   4.90  14.95   9   0.12  99.99 99.99  99.99 99.99
NGC2337         07 10 13.5  +44 27 26   7.90  13.48  10   0.09  14.48  0.06  14.14  0.03
UGC3817         07 22 44.5  +45 06 31   8.60  15.96  10   0.10  16.88  0.25  16.46  0.09
UGC3860         07 28 17.2  +40 46 12   7.81  15.10  10   0.06  16.33  0.07  15.97  0.04
NGC2366         07 28 54.6  +69 12 57   3.21  11.43  10   0.04  12.42  0.05  12.34  0.03
UGC3876         07 29 17.5  +27 53 58  10.80  14.10   6   0.05  99.99 99.99  99.99 99.99
ESO059-G001     07 31 18.2  -68 11 17   4.57  13.98  10   0.15  99.99 99.99  99.99 99.99
NGC2427         07 36 27.9  -47 38 05   9.00  12.33   8   0.21  99.99 99.99  99.99 99.99
NGC2403         07 36 51.4  +65 36 09   3.22   8.93   6   0.04  10.31  0.05  10.12  0.04
UGC3966         07 41 26.0  +40 06 44   6.80  13.90  10   0.05  15.83  0.06  15.60  0.05
UGC3974         07 41 55.4  +16 48 09   8.04  13.60  10   0.03  14.77  0.05  14.46  0.03
CGCG262-028     07 47 32.1  +51 11 29   6.90  14.90   5   0.07  15.46  0.06  15.39  0.04
UGC4115         07 57 01.8  +14 23 27   7.72  15.23  10   0.03  15.60  0.05  15.37  0.04
NGC2500         08 01 53.3  +50 44 15   7.60  12.20   7   0.04  13.46  0.06  13.32  0.03
NGC2537         08 13 14.7  +45 59 26   6.90  12.82   8   0.05  13.88  0.05  13.69  0.03
UGC4278         08 13 58.9  +45 44 34   7.60  13.10   7   0.05  14.43  0.05  14.20  0.04
UGC4305         08 19 04.0  +70 43 09   3.38  11.10  10   0.03  12.32  0.05  12.22  0.03
NGC2552         08 19 20.1  +50 00 25   7.70  12.60   9   0.05  14.27  0.05  14.09  0.03
M81dwA          08 23 56.0  +71 01 45   3.44  18.69  10   0.02  17.30  0.05  17.29  0.03
SDSSJ0825+3532  08 25 55.5  +35 32 32   9.30  18.05  11   0.05  99.99 99.99  18.18  0.04
UGC4426         08 28 28.4  +41 51 24  10.28  15.00  10   0.04  16.72  0.06  16.48  0.03
UGC4459         08 34 07.2  +66 10 54   3.61  14.78  10   0.04  15.27  0.05  15.30  0.04
ESO495-G021     08 36 15.4  -26 24 34   7.80  12.46  11   0.11  99.99 99.99  99.99 99.99
UGC4483         08 37 03.0  +69 46 31   3.41  15.27  10   0.03  15.71  0.05  15.75  0.03
NGC2683         08 52 41.4  +33 25 14   7.70  10.64   3   0.03  14.14  0.05  13.52  0.05
UGC4704         08 59 00.3  +39 12 36   7.80  15.30   8   0.03  15.85  0.07  15.62  0.04
LSBCD564-08     09 02 53.8  +20 04 32   8.67  16.90  10   0.03  18.99  0.07  18.57  0.05
UGC4787         09 07 34.9  +33 16 36   6.50  15.40   8   0.02  15.99  0.05  15.57  0.04
LSBCD634-03     09 08 53.5  +14 34 55   9.46  17.50  10   0.04  21.85 99.99  21.71 99.99
UGCA148         09 09 46.5  -23 00 33   9.80  15.30  10   0.17  99.99 99.99  99.99 99.99
NGC2784         09 12 19.5  -24 10 21   9.80  11.30  -2   0.21  15.49  0.37  14.56  0.04
UGCA153         09 13 12.1  -19 24 31   6.50  15.40  10   0.09  16.33  0.13  16.01  0.07
NGC2835         09 17 52.9  -22 21 18   8.00  11.00   5   0.10  12.35  0.05  11.97  0.04
LSBCD565-06     09 19 30.0  +21 36 12   9.08  16.95  10   0.04  21.77 99.99  19.23  0.24
UGCA162         09 21 28.1  -22 30 07   7.50  15.20   9   0.07  99.99 99.99  15.76  0.09
UGC4998         09 25 12.1  +68 22 59  10.50  14.72  10   0.06  17.99  0.06  17.35  0.04
NGC2915         09 26 11.5  -76 37 36   3.78  13.20   0   0.27  13.31  0.15  13.28  0.03
NGC2903         09 32 10.1  +21 30 04   8.90   9.68   4   0.03  12.29  0.05  11.74  0.03
UGC5076         09 32 36.4  +51 52 19   8.30  15.20  10   0.02  99.99 99.99  99.99 99.99
CGCG035-007     09 34 44.9  +06 25 32   5.20  15.50   5   0.04  17.14  0.05  16.74  0.03
LeoT            09 34 53.4  +17 03 05   0.42  16.40  10   0.03  18.85  0.88  18.61  3.45
UGC5151         09 40 27.1  +48 20 15  10.70  13.80  10   0.02  99.99 99.99  99.99 99.99
UGC5139         09 40 32.3  +71 10 56   3.90  14.17  10   0.05  14.60  0.09  14.50  0.05
IC559           09 44 43.9  +09 36 55   4.90  14.80   5   0.03  16.45  0.05  16.08  0.03
UGC5209         09 45 04.2  +32 14 18   6.40  16.06  10   0.02  18.10  0.09  17.68  0.05
NGC2976         09 47 15.3  +67 55 00   3.56  11.24   5   0.07  13.17  0.05  12.69  0.03
UGC5272b        09 50 19.4  +31 27 21   7.10  17.76  10   0.02  18.40  0.06  18.35  0.04
UGC5272         09 50 22.4  +31 29 16   7.10  15.41  10   0.02  14.94  0.05  14.87  0.03
UGC5288         09 51 17.0  +07 49 39   6.80  14.32   8   0.03  15.73  0.05  15.52  0.03
NGC3037         09 51 23.5  -27 00 36   7.90  13.70   9   0.09  15.16  0.05  14.57  0.03
BK3N            09 53 48.5  +68 58 09   3.86  18.78  10   0.08  18.92  0.06  18.88  0.04
NGC3031         09 55 33.2  +69 03 55   3.63   7.89   2   0.08  10.75  0.05  10.44  0.03
NGC3034         09 55 52.2  +69 40 47   3.37   9.30   7   0.16  12.50  0.19  11.44  0.03
UGC5340         09 56 45.7  +28 49 35   5.90  14.80  10   0.02  15.07  0.05  15.10  0.03
KDG61           09 57 03.1  +68 35 31   3.49  15.17  -6   0.07  22.23  0.33  19.65  0.04
UGC5336         09 57 32.0  +69 02 45   3.61  14.30  10   0.08  14.95  0.08  14.80  0.09
ESO435-G016     09 58 46.2  -28 37 19   9.10  13.60   3   0.10  15.45  0.09  14.76  0.03
ESO435-IG020    09 59 20.7  -28 07 54   9.00  14.40  10   0.09  14.89  0.05  14.51  0.04
UGC5364         09 59 26.4  +30 44 47   0.69  12.90  10   0.02  14.55  0.05  14.24  0.03
UGC5373         10 00 00.1  +05 19 56   1.39  11.80  10   0.03  13.68  0.05  13.46  0.05
UGCA193         10 02 36.0  -06 00 49   9.70  14.84   7   0.04  16.36  0.05  16.05  0.03
NGC3109         10 03 06.6  -26 09 32   1.28  10.39   9   0.07  11.37  0.19  11.09  0.10
NGC3077         10 03 20.6  +68 44 04   3.83  10.60   6   0.07  99.99 99.99  99.99 99.99
UGCA196         10 03 41.8  -27 01 40   8.80  13.40   6   0.08  14.52  0.09  14.15  0.08
NGC3113         10 04 26.1  -28 26 39  10.50  13.30   7   0.10  99.99 99.99  99.99 99.99
UGC5427         10 04 41.0  +29 21 55   7.10  15.90   8   0.02  16.20  0.05  15.96  0.03
UGC5428         10 05 06.4  +66 33 32   3.53  15.95  10   0.10  99.99 99.99  17.82  0.09
NGC3115         10 05 14.0  -07 43 07   9.70   9.87  -3   0.05  15.75  0.21  14.11  0.09
UGC5423         10 05 30.6  +70 21 52   5.30  15.20  10   0.08  16.58  0.07  16.38  0.04
NGC3125         10 06 33.6  -29 56 09  10.80  13.50  11   0.08  14.37  0.08  13.99  0.04
UGC5453         10 07 07.3  +15 59 04   9.30  15.80  10   0.03  99.99 99.99  99.99 99.99
UGC5451         10 07 19.0  +47 00 22   8.70  14.40  10   0.01  16.04  0.06  15.66  0.04
UGC5456         10 07 19.6  +10 21 46   3.80  13.70   5   0.04  14.96  0.05  14.62  0.03
KUG1004+392     10 07 23.0  +38 58 10   7.80  16.00  10   0.01  16.37  0.06  16.27  0.04
NGC3137         10 09 07.5  -29 03 52  10.80  12.10   6   0.07  99.99 99.99  99.99 99.99
SextansA        10 11 00.8  -04 41 34   1.32  11.86  10   0.04  12.55  0.05  12.52  0.03
NGC3175         10 14 42.1  -28 52 19  10.70  12.13   2   0.07  16.06  0.07  15.02  0.04
NGC3239         10 25 05.6  +17 09 37   8.30  11.70   9   0.03  12.80  0.05  12.58  0.03
UGC5672         10 28 20.9  +22 34 17   6.30  15.10   5   0.02  17.20  0.05  16.60  0.03
UGC5666         10 28 21.2  +68 24 43   3.81  10.80   9   0.04  12.13  0.06  12.09  0.04
UGC5692         10 30 35.0  +70 37 07   3.80  13.71   9   0.04  16.42  0.05  15.76  0.03
NGC3274         10 32 17.1  +27 40 07   6.50  13.20   7   0.02  14.23  0.06  14.02  0.03
UGC5740         10 34 45.8  +50 46 06   9.30  15.60   9   0.02  15.77  0.06  15.60  0.04
UGCA212         10 35 23.2  -24 45 15  10.10  13.20   8   0.06  14.25  0.06  13.96  0.04
NGC3299         10 36 23.8  +12 42 27  10.40  14.10   8   0.02  16.27  0.05  15.72  0.04
UGC5764         10 36 43.3  +31 32 48   7.10  15.20  10   0.02  16.24  0.05  16.15  0.04
UGC5797         10 39 25.2  +01 43 05   6.80  15.00  10   0.03  16.85  0.05  16.42  0.03
IC625           10 42 38.0  -23 56 08  10.10  13.80   5   0.07  15.13  0.06  14.70  0.04
UGC5829         10 42 42.2  +34 26 56   7.90  13.70  10   0.02  13.96  0.05  13.89  0.03
NGC3344         10 43 30.9  +24 55 22   6.60  10.40   4   0.03  12.36  0.05  12.06  0.03
NGC3351         10 43 57.8  +11 42 14  10.00  10.53   3   0.03  13.27  0.05  12.72  0.03
NGC3365         10 46 12.6  +01 48 48  10.50  13.20   6   0.05  15.30  0.10  14.84  0.03
NGC3368         10 46 45.7  +11 49 12  10.52  10.10   2   0.03  14.00  0.07  13.36  0.04
UGC5889         10 47 22.3  +14 04 10   9.30  14.20   9   0.03  16.30  0.05  15.87  0.05
UGC5917         10 48 53.9  +46 43 14  10.30  16.10  10   0.02  16.55  0.06  16.14  0.04
UGC5923         10 49 07.6  +06 55 02   7.20  14.00   0   0.03  17.27  0.05  16.74  0.03
UGC5918         10 49 36.5  +65 31 50   7.40  15.22  10   0.01  16.41  0.31  16.16  0.09
NGC3412         10 50 53.3  +13 24 44  10.40  11.40  -2   0.03  18.21  0.16  15.85  0.04
ESO376-G022     10 51 21.0  -34 25 50   9.00  14.20  10   0.09  99.99 99.99  99.99 99.99
NGC3432         10 52 31.3  +36 37 11   7.90  11.70   9   0.01  13.27  0.05  12.84  0.03
KDG73           10 52 57.1  +69 32 58   4.03  17.28  10   0.02  18.93  0.06  18.71  0.04
NGC3489         11 00 18.6  +13 54 04  10.40  11.10  -1   0.02  16.54  0.08  14.81  0.03
NGC3486         11 00 23.9  +28 58 30   8.20  11.05   5   0.02  12.54  0.05  12.30  0.03
UGC6102         11 01 48.4  +28 41 21   8.50  15.50  10   0.03  16.53  0.06  16.41  0.04
NGC3510         11 03 43.4  +28 53 13   8.60  14.00   8   0.03  14.63  0.05  14.35  0.03
ESO377-G003     11 03 55.2  -34 21 30   9.20  14.90   4   0.06  15.94  0.06  15.69  0.04
MRK36           11 04 58.5  +29 08 22   7.80  15.70  11   0.03  15.64  0.05  15.62  0.03
NGC3521         11 05 48.6  +00 02 09   8.00   9.83   4   0.06  13.02  0.06  12.26  0.04
UGC6161         11 06 49.2  +43 43 24  10.30  15.00   8   0.01  15.37  0.05  15.18  0.03
MESSIER108      11 11 31.0  +55 40 27  10.40  10.69   6   0.02  13.34  0.05  12.85  0.03
NGC3593         11 14 37.0  +12 49 04   6.50  11.86   0   0.02  16.79  0.16  15.31  0.05
NGC3599         11 15 27.0  +18 06 37   9.60  12.80  -2   0.02  18.19  0.06  16.64  0.04
NGC3600         11 15 52.1  +41 35 32   9.70  14.00   1   0.02  15.16  0.05  14.77  0.07
NGC3621         11 18 16.0  -32 48 42   6.64  10.20   7   0.08  11.62  0.05  11.18  0.05
NGC3623         11 18 55.9  +13 05 37   8.90  10.25   1   0.02  14.98  0.08  13.93  0.07
NGC3627         11 20 15.0  +12 59 30  10.05   9.70   3   0.03  12.65  0.05  11.98  0.03
NGC3628         11 20 16.9  +13 35 20   9.40  10.28   3   0.03  14.36  0.06  13.32  0.03
IC2782          11 22 55.3  +13 26 29   9.70  14.90   8   0.02  21.93 99.99  17.89  0.08
IC2787          11 23 19.1  +13 37 47   7.70  16.10   6   0.03  99.99 99.99  99.99 99.99
NGC3675         11 26 08.6  +43 35 09  10.60  11.00   3   0.02  15.02  0.06  14.18  0.07
UGC6457         11 27 12.2  +00 59 41  10.20  15.00  10   0.03  16.33  0.06  15.95  0.03
UGC6456         11 27 59.9  +78 59 39   4.34  15.90  10   0.04  15.00  0.05  14.98  0.04
UGC6541         11 33 28.9  +49 14 14   3.89  14.40  11   0.02  15.36  0.05  15.17  0.03
NGC3738         11 35 48.8  +54 31 26   4.90  11.97  10   0.01  13.77  0.05  13.45  0.03
NGC3741         11 36 06.2  +45 17 01   3.24  14.49  10   0.02  15.13  0.05  15.00  0.03
LEDA166115      11 47 11.2  +43 40 19   4.51  18.62  10   0.02  22.03 99.99  19.61  0.17
UGC6817         11 50 53.0  +38 52 49   2.59  13.56  10   0.03  14.78  0.05  14.57  0.06
UGC6900         11 55 39.4  +31 31 10   7.50  14.80  10   0.02  99.99 99.99  16.91  0.04
BTS76           11 58 44.1  +27 35 06   6.00  16.50  10   0.02  20.39  0.09  19.86  0.05
NGC4020         11 58 56.6  +30 24 44   9.70  13.80   7   0.02  15.20  0.05  14.82  0.03
UGC7007         12 01 33.1  +33 20 29  10.10  16.30   9   0.02  16.98  0.08  16.77  0.05
NGC4068         12 04 00.8  +52 35 18   4.31  13.02  10   0.02  14.30  0.05  14.08  0.03
NGC4080         12 04 51.8  +26 59 33   6.90  14.30  10   0.03  16.08  0.05  15.68  0.03
NGC4096         12 06 01.0  +47 28 40   8.30  11.48   5   0.02  14.08  0.05  13.59  0.03
KUG1207+367     12 09 56.4  +36 26 07   4.50  15.50  10   0.03  17.16  0.05  16.71  0.03
NGC4144         12 09 58.4  +46 27 27   9.80  12.10   6   0.01  13.95  0.05  13.56  0.04
NGC4163         12 12 09.1  +36 10 09   2.87  13.75  10   0.02  15.34  0.05  14.95  0.03
NGC4190         12 13 44.7  +36 38 03   3.50  13.90  10   0.03  14.77  0.05  14.32  0.03
UGC7242         12 14 08.4  +66 05 41   5.42  14.70   6   0.02  16.05  0.05  15.51  0.06
UGCA276         12 14 57.9  +36 13 08   2.95  15.70  10   0.02  99.99 99.99  18.62  0.06
NGC4204         12 15 14.5  +20 39 31  10.40  14.00   8   0.03  14.31  0.08  14.06  0.03
UGC7267         12 15 23.6  +51 20 58   7.30  15.30   8   0.02  16.30  0.05  15.96  0.03
UGC7271         12 15 33.3  +43 26 06   7.80  15.53   7   0.01  16.46  0.05  16.14  0.04
NGC4214         12 15 38.9  +36 19 40   3.04  10.20  10   0.02  11.47  0.05  11.27  0.03
CGCG269-049     12 15 46.7  +52 23 15   3.20  15.30  10   0.02  16.60  0.05  16.35  0.03
UGC7298         12 16 30.1  +52 13 39   4.21  16.06  10   0.02  17.26  0.05  16.95  0.06
NGC4236         12 16 42.1  +69 27 46   4.45  10.10   8   0.01  11.76  0.05  11.57  0.03
NGC4244         12 17 29.9  +37 48 29   4.49  10.90   6   0.02  12.67  0.05  12.20  0.03
NGC4242         12 17 30.1  +45 37 08   7.40  11.40   8   0.01  13.88  0.05  13.53  0.03
NGC4248         12 17 50.3  +47 24 31   7.20  13.21   3   0.02  16.84  0.05  15.87  0.04
IC3104          12 18 46.0  -79 43 34   2.27  13.50  10   0.41  99.99 99.99  99.99 99.99
NGC4258         12 18 57.5  +47 18 14   7.98   9.10   4   0.02  11.82  0.05  11.40  0.03
UGC7356         12 19 09.1  +47 05 23   6.70  15.58  10   0.02  99.99 99.99  18.69  0.05
ISZ399          12 19 59.5  -17 23 31   9.00  14.70  11   0.06  99.99 99.99  99.99 99.99
NGC4288         12 20 38.1  +46 17 33   7.70  13.30   7   0.01  14.57  0.05  14.35  0.03
UGC7408         12 21 15.0  +45 48 41   6.90  13.30   9   0.01  16.10  0.05  15.48  0.04
UGC7490         12 24 25.3  +70 20 01   8.40  13.10   9   0.02  99.99 99.99  99.99 99.99
LEDA166137      12 25 27.9  +28 28 57   6.00  16.50  10   0.02  17.24  0.08  16.97  0.05
NGC4395         12 25 48.9  +33 32 48   4.61  10.60   9   0.02  11.63  0.05  11.51  0.03
UGCA281         12 26 16.0  +48 29 37   5.70  15.40  11   0.01  15.17  0.05  15.16  0.03
UGC7559         12 27 05.1  +37 08 33   4.87  14.20  10   0.01  15.09  0.06  15.00  0.03
UGC7577         12 27 40.9  +43 29 44   2.58  12.80  10   0.02  14.82  0.05  14.49  0.03
UGC7584         12 28 02.9  +22 35 22   7.30  16.20   9   0.02  17.01  0.05  16.70  0.03
LSBCF573-01     12 28 05.4  +22 17 27   7.20  17.00  10   0.02  18.12  0.06  17.75  0.03
NGC4449         12 28 11.2  +44 05 36   4.21  10.00  10   0.02  10.83  0.05  10.80  0.03
UGC7599         12 28 28.5  +37 14 01   6.90  14.88   8   0.02  16.04  0.05  15.96  0.04
UGC7605         12 28 38.7  +35 43 03   4.43  14.80  10   0.01  15.78  0.05  15.62  0.03
NGC4455         12 28 44.1  +22 49 21   7.80  14.00   7   0.02  14.43  0.05  14.16  0.03
UGC7608         12 28 45.3  +43 13 35   7.80  13.70  10   0.02  14.74  0.06  14.70  0.03
NGC4460         12 28 45.5  +44 51 51   9.60  12.80  -1   0.02  15.53  0.05  14.77  0.03
MCG+07-26-011   12 28 52.2  +42 10 41   6.00  16.33   8   0.02  17.26  0.05  16.77  0.03
UGC7639         12 29 53.4  +47 31 52   8.00  13.99  10   0.01  16.13  0.05  15.72  0.03
MCG+07-26-012   12 30 23.8  +42 54 06   6.40  16.47   6   0.02  17.16  0.05  16.76  0.03
NGC4485         12 30 31.1  +41 42 01   7.10  12.32  10   0.02  13.47  0.05  13.28  0.03
NGC4490         12 30 36.1  +41 38 34   8.00  10.22   7   0.02  11.98  0.05  11.53  0.03
UGC7678         12 32 00.7  +39 49 59   9.30  16.00   6   0.02  15.42  0.06  15.12  0.03
UGC7690         12 32 26.8  +42 42 18   7.70  13.10  10   0.03  14.66  0.05  14.29  0.03
UGC7699         12 32 48.0  +37 37 18   6.80  13.60   6   0.01  14.72  0.05  14.43  0.04
UGC7698         12 32 54.4  +31 32 28   6.10  13.00  10   0.02  14.70  0.06  14.54  0.03
UGC7719         12 34 00.6  +39 01 10   9.40  15.30   8   0.02  15.93  0.05  15.73  0.04
NGC4534         12 34 05.4  +35 31 08  10.80  13.00   8   0.01  13.92  0.05  13.82  0.03
UGC7774         12 36 22.5  +40 00 19   7.40  15.02   7   0.02  16.33  0.05  15.76  0.03
UGCA290         12 37 21.8  +38 44 38   6.70  15.74  11   0.01  15.88  0.06  15.92  0.04
UGCA292         12 38 40.0  +32 46 01   3.62  16.10  10   0.02  16.20  0.05  16.21  0.03
M104            12 39 59.4  -11 37 23   9.30   8.98   1   0.05  14.54  0.06  13.39  0.05
NGC4605         12 40 00.3  +61 36 29   5.47  10.89   5   0.01  12.97  0.06  12.56  0.04
NGC4618         12 41 32.7  +41 09 04   7.80  11.22   8   0.02  12.80  0.05  12.54  0.03
NGC4625         12 41 52.6  +41 16 26   8.70  12.92   9   0.02  14.49  0.05  14.20  0.04
NGC4631         12 42 08.0  +32 32 26   8.10   9.80   7   0.02  11.29  0.05  11.07  0.03
UGC7866         12 42 15.1  +38 30 12   4.57  13.70  10   0.02  14.62  0.05  14.54  0.03
NGC4656         12 43 57.7  +32 10 05   8.60  10.96   9   0.01  11.47  0.05  11.48  0.03
UGC7916         12 44 25.1  +34 23 12   8.20  15.00  10   0.02  15.73  0.05  15.56  0.06
ESO381-G020     12 46 00.4  -33 50 17   5.44  14.70  10   0.07  15.12  0.09  14.84  0.04
UGCA298         12 46 55.4  +26 33 51  10.30  15.60  -3   0.01  17.70  0.09  17.00  0.04
UGC7950         12 46 56.4  +51 36 46   7.90  15.10  10   0.02  15.23  0.05  15.01  0.03
UGC7949         12 46 59.8  +36 28 35   9.90  15.12  10   0.02  15.95  0.06  15.81  0.03
NGC4707         12 48 22.9  +51 09 53   7.40  13.40   9   0.01  15.05  0.05  14.92  0.04
NGC4736         12 50 53.0  +41 07 14   4.66   9.00   2   0.02  11.75  0.05  11.35  0.04
UGC8024         12 54 05.2  +27 08 55   4.30  13.90  10   0.01  14.79  0.05  14.82  0.06
UGC8055         12 56 04.3  +03 48 43   6.60  17.00  10   0.03  16.70  0.07  16.57  0.05
NGC4826         12 56 43.7  +21 40 52   7.50   9.36   2   0.04  13.51  0.08  12.55  0.03
UGC8091         12 58 40.4  +14 13 03   2.08  14.68  10   0.03  15.21  0.05  15.16  0.04
UGC8146         13 02 08.1  +58 42 05  10.60  14.40   6   0.01  15.71  0.05  15.34  0.03
UGCA319         13 02 14.4  -17 14 15   7.40  15.00   9   0.08  16.58  0.05  16.10  0.03
UGCA320         13 03 16.8  -17 25 23   7.20  13.50   9   0.08  13.93  0.09  13.71  0.04
NGC4945         13 05 27.5  -49 28 06   3.60   9.30   6   0.18  99.99 99.99  99.99 99.99
UGC8188         13 05 49.5  +37 36 18   4.49  12.00   9   0.01  13.35  0.05  13.14  0.04
UGC8201         13 06 24.8  +67 42 25   4.57  12.80  10   0.02  14.49  0.05  14.16  0.03
MCG-03-34-002   13 07 56.6  -16 41 21  10.20  14.80   4   0.08  16.10  0.05  15.75  0.03
UGC8215         13 08 03.6  +46 49 41   4.55  16.08  10   0.01  17.64  0.05  17.34  0.03
UGC8245         13 08 34.2  +78 56 13   3.60  15.20  10   0.03  16.49  0.05  16.01  0.03
NGC5023         13 12 12.1  +44 02 20   5.40  12.80   6   0.02  14.65  0.05  14.25  0.03
CGCG217-018     13 12 51.8  +40 32 35   8.20  15.10  10   0.01  16.60  0.05  16.15  0.03
UGC8308         13 13 22.7  +46 19 13   4.19  15.54  10   0.01  16.31  0.05  16.24  0.03
UGC8313         13 13 54.1  +42 12 36   8.70  14.78   5   0.01  16.32  0.05  16.00  0.03
UGC8320         13 14 27.9  +45 55 09   4.33  13.11  10   0.02  14.53  0.05  14.18  0.05
UGC8331         13 15 30.3  +47 29 56   8.20  14.31  10   0.01  15.70  0.05  15.47  0.10
NGC5055         13 15 49.2  +42 01 49   7.50   9.31   4   0.02  12.30  0.05  11.74  0.04
NGC5068         13 18 54.6  -21 02 20   6.20  10.70   6   0.10  11.94  0.09  11.55  0.04
NGC5102         13 21 57.6  -36 37 49   3.40  10.35  -3   0.05  99.99 99.99  99.99 99.99
NGC5128         13 25 27.6  -43 01 09   3.66   7.84  -2   0.11  11.95  0.05  11.04  0.03
IC4247          13 26 44.4  -30 21 45   4.97  14.60   2   0.06  15.96  0.05  15.54  0.03
ESO324-G024     13 27 37.3  -41 28 50   3.73  12.90  10   0.11  14.45  0.06  14.00  0.06
NGC5204         13 29 36.2  +58 25 06   4.65  11.70   9   0.01  12.92  0.05  12.70  0.03
NGC5194         13 29 52.7  +47 11 43   8.00   8.96   4   0.04  11.03  0.05  10.55  0.03
NGC5195         13 29 58.7  +47 16 05   8.00  10.45   2   0.04  14.64  0.06  13.81  0.03
UGC8508         13 30 44.4  +54 54 36   2.58  13.94  10   0.02  99.99 99.99  99.99 99.99
SBS1331+493     13 33 22.9  +49 06 06   9.30  16.50  11   0.01  99.99 99.99  99.99 99.99
NGC5206         13 33 43.8  -48 09 04   3.60  12.00  -3   0.12  99.99 99.99  99.99 99.99
NGC5229         13 34 02.7  +47 54 55   5.10  14.18   7   0.02  15.71  0.06  15.36  0.03
NGC5238         13 34 42.7  +51 36 51   5.20  13.60   8   0.01  15.19  0.05  14.97  0.03
ESO270-G017     13 34 47.3  -45 32 51   8.90  12.00   4   0.11  99.99 99.99  99.99 99.99
[KK98]208       13 36 35.5  -29 34 17   4.68  14.30  -1   0.04  23.75 99.99  23.90 99.99
NGC5236         13 37 00.8  -29 51 59   4.47   8.20   5   0.07  10.07  0.05   9.51  0.04
ESO444-G084     13 37 20.1  -28 02 46   4.61  15.50  10   0.07  16.02  0.06  15.77  0.03
UGC8638         13 39 19.4  +24 46 32   4.27  15.00  10   0.01  15.76  0.05  15.58  0.03
UGC8651         13 39 53.8  +40 44 21   3.14  14.45  10   0.01  15.57  0.05  15.45  0.03
NGC5253         13 39 55.9  -31 38 24   3.15  10.90  11   0.06  12.32  0.05  11.91  0.03
IC4316          13 40 18.4  -28 53 32   4.40  14.60  10   0.05  16.10  0.06  15.96  0.04
NGC5264         13 41 36.9  -29 54 50   4.53  12.60   9   0.05  14.90  0.05  14.28  0.08
UGC8683         13 42 32.4  +39 39 30   9.60  15.60  10   0.01  16.04  0.06  15.81  0.03
ESO325-G011     13 45 00.5  -41 51 40   3.40  14.00  10   0.09  99.99 99.99  99.99 99.99
ESO383-G087     13 49 17.8  -36 03 42   3.45  11.70   8   0.07  99.99 99.99  99.99 99.99
ESO383-G091     13 50 32.3  -37 17 20   3.60  14.43   7   0.08  17.25  0.12  99.99 99.99
UGC8760         13 50 50.6  +38 01 09   3.22  14.45  10   0.02  15.83  0.05  15.60  0.04
UGC8837         13 54 45.7  +53 54 03   8.30  13.71  10   0.01  99.99 99.99  99.99 99.99
UGC8833         13 54 48.7  +35 50 15   3.08  15.15  10   0.01  16.64  0.05  16.42  0.04
ESO384-G016     13 57 01.5  -35 20 02   4.53  15.00  10   0.07  18.53  0.23  17.50  0.08
NGC5457         14 03 12.5  +54 20 55   6.70   8.31   6   0.01   9.96  0.05   9.80  0.03
NGC5408         14 03 21.0  -41 22 44   4.81  12.20  10   0.07  99.99 99.99  99.99 99.99
NGC5474         14 05 01.5  +53 39 45   7.20  11.82   6   0.01  12.89  0.05  12.79  0.04
NGC5477         14 05 33.1  +54 27 39   7.70  14.24   9   0.01  14.87  0.06  14.88  0.04
KKR03           14 07 10.7  +35 03 37   1.97  17.84  10   0.01  18.38  0.06  18.17  0.04
Circinus        14 13 09.3  -65 20 21   2.80  12.10   3   1.46  99.99 99.99  99.99 99.99
KUG1413+573     14 15 09.4  +57 05 15   7.40  16.10  10   0.01  17.27  0.08  17.10  0.05
UGC9128         14 15 56.5  +23 03 19   2.21  14.46  10   0.02  16.21  0.05  15.83  0.03
SBS1415+437     14 17 01.4  +43 30 05   9.50  18.00  11   0.01  15.93  0.06  15.77  0.04
NGC5585         14 19 48.2  +56 43 46   5.70  11.20   7   0.02  13.03  0.05  12.72  0.03
UGC9211         14 22 32.2  +45 23 02  10.70  14.80  10   0.01  16.08  0.06  15.89  0.04
NGC5608         14 23 17.9  +41 46 33  10.20  14.10  10   0.01  15.12  0.05  14.88  0.04
UGC9240         14 24 43.4  +44 31 33   2.79  13.31  10   0.01  14.80  0.05  14.55  0.03
UKS1424-460     14 28 03.7  -46 18 06   3.58  16.50  10   0.13  99.99 99.99  99.99 99.99
ESO222-G010     14 35 02.6  -49 25 14   5.40  16.33  10   0.27  99.99 99.99  99.99 99.99
UGC9405         14 35 24.4  +57 15 19   8.00  14.57  10   0.01  16.74  0.06  16.37  0.03
MRK475          14 39 05.4  +36 48 21   9.00  15.50  11   0.01  17.39  0.05  17.16  0.03
ESO272-G025     14 43 25.5  -44 42 19   5.60  14.93   8   0.16  99.99 99.99  99.99 99.99
UGC9497         14 44 12.8  +42 37 44  10.00  15.90   6   0.01  16.33  0.06  16.21  0.04
NGC5832         14 57 45.7  +71 40 56   8.80  12.90   3   0.03  14.56  0.05  14.28  0.03
ESO223-G009     15 01 08.7  -48 17 26   6.49  13.00  10   0.26  99.99 99.99  99.99 99.99
UGC9660         15 01 09.3  +44 41 53  10.20  14.20   4   0.02  15.82  0.05  15.48  0.03
ESO274-G001     15 14 13.6  -46 48 36   3.09  11.70   7   0.25  99.99 99.99  99.99 99.99
NGC5949         15 28 00.7  +64 45 47   8.50  13.40   4   0.02  15.14  0.05  14.70  0.03
UGC9893         15 32 57.3  +46 27 10  10.90  15.00   7   0.01  16.66  0.05  16.29  0.03
UGC9992         15 41 47.8  +67 15 15   8.60  14.86  10   0.04  16.30  0.07  16.00  0.03
LEDA100404      16 08 58.9  +17 30 25   6.80  17.40   9   0.05  99.99 99.99  99.99 99.99
ESO137-G018     16 20 59.2  -60 29 16   6.40  12.20   5   0.25  99.99 99.99  99.99 99.99
ESO179-IG013    16 47 20.0  -57 26 28   9.00  15.00   9   0.27  99.99 99.99  99.99 99.99
UGC10669        17 00 25.3  +70 17 24   9.20  16.30  10   0.03  18.33  0.15  17.73  0.07
UGC10736        17 08 05.0  +69 27 50   9.80  15.10   8   0.03  15.94  0.09  15.57  0.03
IC4662          17 47 06.4  -64 38 25   2.44  11.70  10   0.07  12.43  0.05  12.35  0.03
NGC6503         17 49 27.1  +70 08 40   5.27  10.91   6   0.03  13.15  0.05  12.71  0.03
ESO140-G019     18 22 46.4  -62 16 13  10.80  16.80  10   0.08  99.99 99.99  99.99 99.99
IC4710          18 28 38.1  -66 58 54   7.70  12.50   9   0.09  99.99 99.99  99.99 99.99
NGC6689         18 34 50.1  +70 31 27   9.80  13.10   6   0.07  99.99 99.99  99.99 99.99
ESO104-G022     18 55 41.2  -64 48 39   8.70  15.50  10   0.08  99.99 99.99  99.99 99.99
NGC6744         19 09 46.2  -63 51 25   9.40   9.10   4   0.04  11.14  0.07  10.69  0.03
ESO104-G044     19 11 23.1  -64 13 09   8.40  14.90   9   0.04  17.28  0.06  16.64  0.04
NGC6789         19 16 41.9  +63 58 18   3.60  14.00  10   0.07  16.22  0.05  15.65  0.03
ESO594-G004     19 29 59.0  -17 40 41   1.04  13.99  10   0.12  14.89  0.12  14.65  0.03
IC4870          19 37 37.6  -65 48 43   9.90  14.40  10   0.11  14.63  0.13  14.43  0.04
NGC6822         19 44 56.6  -14 47 21   0.50   9.31  10   0.23  10.08  0.05   9.62  0.07
IC4951          20 09 31.2  -61 50 47   9.30  13.90   8   0.04  15.22  0.05  14.94  0.04
UGC11583        20 30 15.3  +60 26 25   5.90  15.70  10   0.31  99.99 99.99  99.99 99.99
LEDA166192      20 30 32.9  +60 21 17   5.90  16.50   8   0.28  99.99 99.99  99.99 99.99
LEDA166193      20 31 32.0  +60 48 44   5.90  16.70  10   0.45  99.99 99.99  99.99 99.99
NGC6946         20 34 52.3  +60 09 14   5.90   9.61   6   0.34  10.29  0.34   9.70  0.10
KKR55           20 45 20.8  +60 24 40   5.90  18.00  10   0.70  99.99 99.99  99.99 99.99
DDO210          20 46 51.8  -12 50 53   0.94  14.10  10   0.05  16.59  0.05  16.23  0.04
KKR56           20 48 24.1  +58 37 06   5.90  17.60  10   0.73  99.99 99.99  99.99 99.99
CEPHEUS1        20 51 10.6  +56 53 25   5.90  15.40  10   0.92  99.99 99.99  99.99 99.99
IC5052          20 52 06.3  -69 12 13   5.90  11.80   7   0.05  13.92  0.05  13.37  0.03
KKR59           21 03 24.2  +57 17 14   5.90  15.70  10   0.88  99.99 99.99  99.99 99.99
KKR60           21 05 51.3  +57 12 32   5.90  18.00  10   1.03  99.99 99.99  99.99 99.99
NGC7064         21 29 03.0  -52 46 03   9.90  13.10   5   0.01  14.15  0.05  13.89  0.03
NGC7090         21 36 28.6  -54 33 24  10.40  11.30   5   0.02  14.06  0.06  13.50  0.06
IC5152          22 02 41.9  -51 17 44   1.97  10.70  10   0.03  12.33  0.05  11.99  0.03
UGC11891        22 03 33.9  +43 44 57  10.80  15.30  10   0.35  99.99 99.99  99.99 99.99
ESO238-G005     22 22 30.0  -48 24 18   8.90  15.60  10   0.01  16.44  0.05  16.23  0.04
IC5256          22 49 45.8  -68 41 26  10.80  14.60   8   0.03  16.72  0.05  16.32  0.03
NGC7640         23 22 06.6  +40 50 43   8.90  11.90   5   0.11  99.99 99.99  99.99 99.99
UGC12588        23 24 42.4  +41 20 48   9.50  14.40   8   0.15  99.99 99.99  99.99 99.99
UGCA438         23 26 27.5  -32 23 20   2.18  14.70  10   0.01  15.31  0.05  15.26  0.03
ESO347-G017     23 26 56.0  -37 20 49   9.40  14.41   9   0.02  15.61  0.05  15.31  0.03
UGC12613        23 28 36.2  +14 44 35   0.76  12.50  10   0.07  15.71  0.06  14.94  0.06
UGC12632        23 29 58.7  +40 59 25   9.60  12.80   9   0.14  14.66  0.07  14.20  0.11
IC5332          23 34 27.4  -36 06 05   9.50  11.20   7   0.02  12.55  0.05  12.35  0.03
NGC7713         23 36 15.4  -37 56 19   9.30  11.50   7   0.02  99.99 99.99  99.99 99.99
UGC12713        23 38 14.4  +30 42 29   7.70  14.91   0   0.06  16.43  0.06  16.13  0.04
UGCA442         23 43 45.5  -31 57 22   4.27  13.60   9   0.02  14.83  0.05  14.67  0.04
ESO348-G009     23 49 23.5  -37 46 19   8.60  17.00  10   0.01  16.27  0.05  16.05  0.04
ESO149-G003     23 52 02.8  -52 34 40   6.40  15.00  10   0.01  15.66  0.05  15.59  0.03
NGC7793         23 57 49.7  -32 35 30   3.91   9.63   7   0.02  11.12  0.05  10.97  0.03
ESO410-G005     00 15 31.4  +32 10 47   2.01  14.95  -1   0.01  18.26  0.09  17.20  0.04
SCULPTOR-DE1    00 23 51.7  -24 42 18   4.19  17.80  -3   0.01  23.60 99.99  18.45  0.20
ESO294-G010     00 26 33.4  -41 51 19   1.94  15.52  -3   0.01  18.12  0.07  17.57  0.04
ESO540-G030     00 49 20.9  -18 04 32   3.33  16.46  -1   0.02  19.10  0.11  18.08  0.10
ESO540-G032     00 50 24.3  -19 54 24   3.54  16.60  -3   0.02  19.58  0.08  19.07  0.05
UGC521          00 51 12.2  +12 01 31  11.30  15.31  10   0.06  16.03  0.05  16.05  0.03
NGC0404         01 09 27.0  +35 43 04   3.05  11.51  -1   0.06  14.94  0.26  13.69  0.17
IC2049          04 12 04.3  -58 33 25  16.70  15.19   7   0.02  16.46  0.05  16.11  0.04
UGCA133         07 34 11.4  +66 53 10   3.10  15.80  -3   0.04  23.07 99.99  23.07 99.99
F8D1            09 44 47.1  +67 26 19   3.66  16.14  -3   0.10  24.37  2.74  17.12  0.13
FM2000_1        09 45 10.0  +68 45 54   3.53  17.80  -3   0.08  23.95 99.99  19.88  0.07
LEDA166101      09 50 10.5  +67 30 24   3.55  16.94  -3   0.14  22.24 99.99  18.00  0.10
ARPSLOOP        09 57 32.6  +69 17 00   3.78  16.80  10   0.09  18.49  0.09  17.97  0.05
KKH057          10 00 15.9  +63 11 06   3.90  17.95  -3   0.02  23.24 99.99  20.87  0.14
AM1001-270      10 04 03.9  -27 19 55   1.29  16.51  10   0.08  17.11  0.35  16.44  0.14
BK05N           10 04 41.1  +68 15 22   3.49  17.77  -3   0.06  23.18 99.99  20.31  0.12
UGC05442        10 07 01.9  +67 49 39   3.72  15.78  -3   0.05  23.42 99.99  18.39  0.05
IKN             10 08 05.9  +68 23 57   3.61  17.31  -3   0.06  22.90 99.99  23.06 99.99
HS98_117        10 21 25.2  +71 06 51   3.82  17.01  10   0.12  20.82 99.99  20.98 99.99
DDO078          10 26 27.4  +67 39 16   3.66  15.80  -3   0.02  22.01 99.99  22.05 99.99
BK06N           10 34 29.8  +66 00 30   3.80  16.85  -3   0.01  23.39 99.99  23.30 99.99
UGC6782         11 48 57.2  +23 50 16  14.00  15.07   9   0.03  16.85  0.16  16.48  0.09
ESO321-G014     12 13 49.6  -38 13 53   3.18  15.60  10   0.09  16.41  0.14  16.12  0.04
UGC7321         12 17 33.8  +22 32 26  20.00  14.15   7   0.03  16.10  0.05  15.46  0.03
KKH086          13 54 33.5  +04 14 35   2.59  16.99  10   0.03  19.27  0.12  18.54  0.11
KKR25           16 13 47.9  +54 22 16   1.93  16.50  -1   0.01  23.45 99.99  19.11  0.06
KKH098          23 45 34.0  +38 43 04   2.54  17.22  10   0.12  17.20  0.06  17.00  0.04
